12_isomero_4_7.xyz,-10.167,-6.8272,3.339846023275
12_pristina.xyz,-10.2691,-7.0181,3.250997457624
12_isomero_1_4.xyz,-9.494,-7.0021,2.491844339643
12_isomero_1_2.xyz,-9.8785,-6.3842,3.494346871089
12_isomero_4_1.xyz,-9.699,-7.1697,2.529368715353
12_isomero_2_1.xyz,-10.2412,-6.8645,3.376728563138
12_isomero_2_5.xyz,-9.5038,-7.1848,2.318917877867
13_isomero_3_4.xyz,-9.3858,-7.1845,2.201278483483
13_pristina.xyz,-9.8406,-7.574,2.266677106173
13_isomero_4_8.xyz,-9.62,-7.4889,2.1310840117
13_isomero_4_3.xyz,-9.805,-7.5638,2.241165965267
13_isomero_1_4.xyz,-9.236,-7.8224,1.413589926452
13_isomero_1_2.xyz,-9.6447,-7.1226,2.522114456611
13_isomero_4_1.xyz,-9.2458,-7.6342,1.611602843326
13_isomero_2_1.xyz,-9.9425,-7.3761,2.566443158838
13_isomero_2_5.xyz,-9.238,-7.6947,1.543317255891
14_isomero_3_7.xyz,-9.1388,-7.8917,1.247108713074
14_pristina.xyz,-9.5616,-7.9152,1.646447477549
14_isomero_3_4.xyz,-9.2683,-7.4503,1.817976905927
14_isomero_4_8.xyz,-9.3287,-7.8818,1.446859091558
14_isomero_7_3.xyz,-9.3126,-7.945,1.367658049829
14_isomero_4_3.xyz,-9.7118,-7.8203,1.891527323282
14_isomero_1_4.xyz,-9.0984,-8.2277,0.870719771632
14_isomero_1_2.xyz,-9.4204,-7.5737,1.846683028963
14_isomero_4_1.xyz,-8.997,-7.8909,1.106089841208
14_isomero_2_1.xyz,-9.6152,-7.7424,1.87277782475
14_isomero_7_12.xyz,-9.5364,-7.7875,1.748918876391
14_isomero_2_5.xyz,-9.0823,-7.9971,1.085266279325
15_isomero_3_7.xyz,-9.0059,-8.2727,0.733194805544
15_pristina.xyz,-9.3706,-8.1411,1.229533234181
15_isomero_3_4.xyz,-9.1634,-7.727,1.436386690785
15_isomero_6_7.xyz,-9.0513,-7.9594,1.091858419074
15_isomero_4_8.xyz,-9.1581,-8.1243,1.033772301699
15_isomero_7_3.xyz,-9.0525,-8.1542,0.898229311334
15_isomero_4_3.xyz,-9.5256,-8.017,1.508611098029
15_isomero_1_4.xyz,-9.0188,-8.4518,0.566998894787
15_isomero_1_2.xyz,-9.2508,-7.8704,1.380427072473
15_isomero_4_1.xyz,-8.8585,-8.0569,0.801632851135
15_isomero_2_1.xyz,-9.3983,-7.9981,1.400107986867
15_isomero_7_12.xyz,-9.3155,-8.0416,1.27395000139
15_isomero_2_5.xyz,-8.9841,-8.1932,0.790861608038
15_isomero_7_6.xyz,-9.3106,-8.1226,1.187962314124
16_isomero_3_7.xyz,-8.9295,-8.4866,0.442925492766
16_pristina.xyz,-9.2355,-8.2984,0.937162239206
16_isomero_3_4.xyz,-9.075,-7.952,1.123011435901
16_isomero_6_7.xyz,-8.9813,-8.0309,0.950390227214
16_isomero_6_11.xyz,-8.9315,-8.3124,0.619092057366
16_isomero_4_8.xyz,-9.0492,-8.2857,0.763455216958
16_isomero_7_3.xyz,-8.9072,-8.2855,0.621691475093
16_isomero_11_16.xyz,-9.2277,-8.1955,1.032227456785
16_isomero_4_3.xyz,-9.3562,-8.1741,1.182089001098
16_isomero_1_4.xyz,-8.972,-8.5876,0.384358139845
16_isomero_11_6.xyz,-9.062,-8.2964,0.765547423541
16_isomero_1_2.xyz,-9.1275,-8.0771,1.050368971225
16_isomero_4_1.xyz,-8.7757,-8.1755,0.600206514137
16_isomero_2_1.xyz,-9.2476,-8.1811,1.066531263373
16_isomero_7_12.xyz,-9.1584,-8.223,0.935345182265
16_isomero_2_5.xyz,-8.9182,-8.3294,0.588820355965
16_isomero_7_6.xyz,-9.2804,-8.2489,1.031486725346
17_isomero_3_7.xyz,-8.8869,-8.6146,0.272314023371
17_pristina.xyz,-9.1365,-8.4125,0.724014982607
17_isomero_3_4.xyz,-9.0024,-8.1232,0.87917636661
17_isomero_6_7.xyz,-8.925,-8.1081,0.816900263143
17_isomero_11_10.xyz,-9.0569,-8.3924,0.664515123129
17_isomero_6_11.xyz,-8.8629,-8.5164,0.346482397769
17_isomero_4_8.xyz,-8.9753,-8.3997,0.575615286764
17_isomero_10_11.xyz,-8.8762,-8.3471,0.529082473786
17_isomero_7_3.xyz,-8.8204,-8.3749,0.4455605615
17_isomero_11_16.xyz,-9.1203,-8.3224,0.797893388628
17_isomero_4_3.xyz,-9.2269,-8.2993,0.927666181203
17_isomero_1_4.xyz,-8.9463,-8.6746,0.271686422733
17_isomero_11_6.xyz,-8.9192,-8.4059,0.513269717482
17_isomero_1_2.xyz,-9.0374,-8.2275,0.809855760279
17_isomero_4_1.xyz,-8.7238,-8.267,0.456771749958
17_isomero_2_1.xyz,-9.1393,-8.3156,0.823686618071
17_isomero_7_12.xyz,-9.0539,-8.3517,0.702237260594
17_isomero_2_5.xyz,-8.8727,-8.4277,0.444915134655
17_isomero_7_6.xyz,-9.2305,-8.3479,0.882578700576
22_isomero_9_5.xyz,-9.7657,-7.474,2.291678444415
22_pristina.xyz,-9.9201,-7.4896,2.430494359113
22_isomero_6_10.xyz,-9.4344,-7.2622,2.172242194854
22_isomero_5_9.xyz,-9.6268,-7.3447,2.282107622066
22_isomero_5_6.xyz,-9.9075,-7.3179,2.589602122658
22_isomero_5_2.xyz,-9.2687,-7.7425,1.526209679439
22_isomero_2_1.xyz,-9.8842,-7.1793,2.704832248102
22_isomero_2_5.xyz,-9.1564,-7.7084,1.447996538487
22_isomero_10_6.xyz,-9.6936,-7.5758,2.117856975671
22_isomero_6_5.xyz,-9.635,-7.1506,2.484342648725
22_isomero_9_8.xyz,-9.7134,-7.5196,2.193822073559
23_isomero_3_4.xyz,-9.402,-7.4964,1.905504079453
23_pristina.xyz,-9.5863,-7.9112,1.675149982875
23_isomero_10_9.xyz,-9.5481,-7.9156,1.632563388174
23_isomero_6_11.xyz,-9.1605,-7.7905,1.369977070397
23_isomero_10_5.xyz,-9.3541,-7.9229,1.431211349443
23_isomero_9_10.xyz,-9.3827,-7.8032,1.579490081179
23_isomero_3_8.xyz,-9.0866,-7.8328,1.253786084488
23_isomero_12_7.xyz,-9.6084,-7.8986,1.709835578548
23_isomero_4_3.xyz,-9.7179,-7.7594,1.958501041622
23_isomero_5_6.xyz,-9.5972,-7.6782,1.918933677497
23_isomero_1_4.xyz,-9.0155,-8.1814,0.834067057903
23_isomero_4_9.xyz,-9.2511,-7.9351,1.315940310774
23_isomero_8_3.xyz,-9.334,-8.0554,1.278581037558
23_isomero_5_10.xyz,-9.3249,-7.921,1.403888376231
23_isomero_5_2.xyz,-9.0737,-8.0437,1.030030420517
23_isomero_7_8.xyz,-9.3112,-7.81,1.501170955605
23_isomero_1_2.xyz,-9.5313,-7.692,1.839244595581
23_isomero_10_15.xyz,-9.5781,-7.8364,1.741686205707
23_isomero_4_1.xyz,-9.0318,-8.0134,1.01842721087
23_isomero_2_1.xyz,-9.5605,-7.7153,1.845227594176
23_isomero_9_4.xyz,-9.2689,-7.9901,1.278886683718
23_isomero_7_12.xyz,-9.2855,-7.5762,1.709312802321
23_isomero_2_5.xyz,-9.0135,-8.0941,0.91939624934
23_isomero_8_13.xyz,-9.5042,-7.765,1.739248128737
23_isomero_12_17.xyz,-9.3612,-8.0136,1.347609542713
23_isomero_6_5.xyz,-9.4744,-7.6004,1.874005355377
23_isomero_8_7.xyz,-9.3936,-7.8336,1.560057921783
23_isomero_9_14.xyz,-9.5439,-7.7513,1.792526954453
24_isomero_14_20.xyz,-9.3153,-8.1057,1.209561006203
24_pristina.xyz,-9.3512,-8.1959,1.155348276097
24_isomero_13_12.xyz,-9.1005,-8.1215,0.979083720356
24_isomero_3_4.xyz,-9.23,-7.9033,1.326741920667
24_isomero_10_9.xyz,-9.3762,-8.1374,1.238765955321
24_isomero_6_11.xyz,-8.9933,-8.1017,0.891650780938
24_isomero_18_12.xyz,-9.4105,-8.1515,1.25894650758
24_isomero_10_5.xyz,-9.0926,-8.1836,0.90895672697
24_isomero_14_8.xyz,-9.2347,-8.2007,1.033963005144
24_isomero_9_10.xyz,-9.218,-8.0199,1.198111103601
24_isomero_3_8.xyz,-8.9396,-8.2943,0.64528652314
24_isomero_8_14.xyz,-9.2046,-8.107,1.097538626021
24_isomero_4_3.xyz,-9.4272,-8.0498,1.377320992702
24_isomero_5_6.xyz,-9.3475,-7.9934,1.354045555255
24_isomero_1_4.xyz,-8.9664,-8.4404,0.525980508087
24_isomero_4_9.xyz,-9.0809,-8.2668,0.814068206342
24_isomero_8_3.xyz,-9.0426,-8.2942,0.748337331446
24_isomero_13_7.xyz,-9.3007,-8.2615,1.039217182087
24_isomero_9_15.xyz,-9.2577,-8.0803,1.177383325
24_isomero_5_10.xyz,-9.1538,-8.2797,0.874036861084
24_isomero_5_2.xyz,-8.9593,-8.2171,0.742132533935
24_isomero_7_8.xyz,-9.1211,-7.8861,1.234992325544
24_isomero_18_23.xyz,-9.1658,-8.2823,0.883490327764
24_isomero_1_2.xyz,-9.2935,-8.0446,1.24884561363
24_isomero_4_1.xyz,-8.8959,-8.1682,0.727731258647
24_isomero_2_1.xyz,-9.3115,-8.0572,1.254310601946
24_isomero_9_4.xyz,-9.0406,-8.2483,0.792240558927
24_isomero_2_5.xyz,-8.9505,-8.3342,0.61621745777
24_isomero_12_18.xyz,-9.1326,-7.8867,1.245955050729
24_isomero_12_13.xyz,-9.1296,-8.218,0.911554644976
24_isomero_10_16.xyz,-9.2976,-8.1405,1.157019065863
24_isomero_14_15.xyz,-9.2055,-8.2103,0.995139480355
24_isomero_6_5.xyz,-9.2716,-7.9414,1.330235021173
24_isomero_13_19.xyz,-9.2616,-8.0875,1.174052074151
24_isomero_8_7.xyz,-9.4006,-8.1438,1.256834584256
24_isomero_7_13.xyz,-8.9868,-7.968,1.018797986646
25_isomero_13_12.xyz,-9.1443,-8.3647,0.779636846347
25_pristina.xyz,-9.1919,-8.3858,0.806074206001
25_isomero_3_4.xyz,-9.1075,-8.1928,0.914751805039
25_isomero_20_21.xyz,-9.1275,-8.4024,0.725064810688
25_isomero_19_18.xyz,-8.9382,-8.2983,0.639882488722
25_isomero_18_19.xyz,-9.0257,-8.4516,0.574097573507
25_isomero_10_9.xyz,-9.2167,-8.2853,0.931337783133
25_isomero_6_11.xyz,-8.8925,-8.2974,0.595137140645
25_isomero_15_22.xyz,-9.208,-8.3918,0.816161112461
25_isomero_10_5.xyz,-8.9384,-8.3427,0.595648940087
25_isomero_14_8.xyz,-9.0049,-8.3957,0.609215635875
25_isomero_9_10.xyz,-9.1094,-8.2042,0.905228634523
25_isomero_3_8.xyz,-8.8856,-8.5283,0.357329651218
25_isomero_19_25.xyz,-9.0922,-8.3038,0.788354741983
25_isomero_8_14.xyz,-9.0503,-8.3804,0.669891483665
25_isomero_15_9.xyz,-9.0906,-8.3251,0.765590939217
25_isomero_14_21.xyz,-9.1652,-8.2709,0.894217662757
25_isomero_4_3.xyz,-9.2148,-8.2577,0.957110716152
25_isomero_5_6.xyz,-9.1718,-8.2189,0.952877318158
25_isomero_13_20.xyz,-9.0791,-8.2416,0.837444604431
25_isomero_1_4.xyz,-8.9487,-8.5883,0.360394210289
25_isomero_4_9.xyz,-8.997,-8.4627,0.534257796159
25_isomero_8_3.xyz,-8.8965,-8.4167,0.479770929072
25_isomero_19_12.xyz,-9.2352,-8.4121,0.823079029355
25_isomero_13_7.xyz,-9.0304,-8.4568,0.573596891325
25_isomero_9_15.xyz,-9.0948,-8.3593,0.735505768994
25_isomero_12_19.xyz,-8.8986,-8.0944,0.804161750185
25_isomero_5_10.xyz,-9.0549,-8.4916,0.563276618016
25_isomero_20_26.xyz,-9.0908,-8.3252,0.765605999732
25_isomero_5_2.xyz,-8.8826,-8.3314,0.551239720668
25_isomero_24_18.xyz,-9.2439,-8.3373,0.906629705115
25_isomero_7_8.xyz,-9.0025,-8.0541,0.948366002724
25_isomero_1_2.xyz,-9.1352,-8.2758,0.859372281215
25_isomero_4_1.xyz,-8.8193,-8.2782,0.541074482957
25_isomero_2_1.xyz,-9.1456,-8.2822,0.863402891777
25_isomero_9_4.xyz,-8.9219,-8.3925,0.529378720985
25_isomero_2_5.xyz,-8.9211,-8.4954,0.425686496802
25_isomero_24_29.xyz,-9.0467,-8.4524,0.594323211737
25_isomero_18_24.xyz,-9.0118,-8.118,0.893757824874
25_isomero_20_13.xyz,-9.2079,-8.3918,0.816118695307
25_isomero_12_13.xyz,-8.9671,-8.227,0.740035800352
25_isomero_10_16.xyz,-9.1204,-8.3461,0.774283938701
25_isomero_14_15.xyz,-9.0481,-8.3504,0.697655914896
25_isomero_15_14.xyz,-9.1275,-8.4025,0.725003162795
25_isomero_6_5.xyz,-9.1186,-8.1816,0.93696292871
25_isomero_8_7.xyz,-9.2985,-8.325,0.97351969112
25_isomero_7_13.xyz,-8.8578,-8.3685,0.489340398197
26_isomero_13_12.xyz,-9.132,-8.4975,0.634478987557
26_pristina.xyz,-9.084,-8.5145,0.569516583431
26_isomero_3_4.xyz,-9.02,-8.3845,0.635520287174
26_isomero_20_21.xyz,-8.9851,-8.5199,0.465227433462
26_isomero_19_18.xyz,-8.991,-8.4971,0.493885925792
26_isomero_18_19.xyz,-8.884,-8.4395,0.444525069507
26_isomero_10_9.xyz,-9.0938,-8.3972,0.696554711165
26_isomero_25_24.xyz,-8.8458,-8.4137,0.432138328793
26_isomero_6_11.xyz,-8.8325,-8.4266,0.405887008878
26_isomero_24_25.xyz,-8.9659,-8.5923,0.373598878455
26_isomero_15_22.xyz,-9.162,-8.5336,0.628416121126
26_isomero_10_5.xyz,-8.8475,-8.4445,0.403010900844
26_isomero_14_8.xyz,-8.8881,-8.5055,0.382636468153
26_isomero_30_24.xyz,-9.124,-8.4711,0.652865928487
26_isomero_30_35.xyz,-8.9723,-8.5635,0.408837242566
26_isomero_9_10.xyz,-9.0296,-8.3517,0.677913417856
26_isomero_3_8.xyz,-8.8709,-8.6517,0.219218014269
26_isomero_8_14.xyz,-8.9726,-8.5488,0.423783818
26_isomero_15_9.xyz,-8.9508,-8.4608,0.489980392287
26_isomero_14_21.xyz,-9.0445,-8.451,0.593504127902
26_isomero_4_3.xyz,-9.0751,-8.4082,0.666875394846
26_isomero_5_6.xyz,-9.0514,-8.3761,0.675283855408
26_isomero_13_20.xyz,-8.9675,-8.4538,0.513692867216
26_isomero_1_4.xyz,-8.9438,-8.6794,0.264415050468
26_isomero_4_9.xyz,-8.9531,-8.5882,0.36491710287
26_isomero_8_3.xyz,-8.8219,-8.491,0.330894345693
26_isomero_19_12.xyz,-9.0155,-8.5668,0.448616707331
26_isomero_13_7.xyz,-8.8926,-8.5527,0.339900507922
26_isomero_9_15.xyz,-9.0028,-8.5398,0.463057576999
26_isomero_25_31.xyz,-8.9865,-8.4489,0.537634652701
26_isomero_12_19.xyz,-8.7922,-8.4215,0.370676179141
26_isomero_5_10.xyz,-8.9964,-8.6203,0.376024755757
26_isomero_5_2.xyz,-8.8305,-8.4153,0.415193703228
26_isomero_7_8.xyz,-8.9295,-8.2619,0.667626390837
26_isomero_1_2.xyz,-9.03,-8.4299,0.600091908642
26_isomero_4_1.xyz,-8.7748,-8.3672,0.407643169072
26_isomero_2_1.xyz,-9.0367,-8.434,0.60269122825
26_isomero_18_25.xyz,-8.8314,-8.2096,0.621741873939
26_isomero_9_4.xyz,-8.8539,-8.4822,0.371697572465
26_isomero_2_5.xyz,-8.9092,-8.6055,0.303644146794
26_isomero_19_26.xyz,-8.9645,-8.354,0.610547461613
26_isomero_25_18.xyz,-9.1621,-8.5234,0.638699985777
26_isomero_20_13.xyz,-8.9868,-8.535,0.451753055483
26_isomero_12_13.xyz,-8.8721,-8.2619,0.610227513805
26_isomero_10_16.xyz,-9.0095,-8.4811,0.528401459454
26_isomero_14_15.xyz,-8.9656,-8.4423,0.523387417108
26_isomero_15_14.xyz,-9.0688,-8.5103,0.558429964159
26_isomero_6_5.xyz,-9.0145,-8.3505,0.663975468313
26_isomero_8_7.xyz,-9.1591,-8.4484,0.710732692954
26_isomero_24_30.xyz,-8.9251,-8.284,0.641162972637
26_isomero_7_13.xyz,-8.8154,-8.5774,0.238015126005
26_isomero_20_27.xyz,-9.0346,-8.422,0.612548968581
27_isomero_13_12.xyz,-9.0852,-8.5814,0.503864519673
27_pristina.xyz,-9.0109,-8.6034,0.407574178635
27_isomero_3_4.xyz,-8.9585,-8.5121,0.446390420881
27_isomero_20_21.xyz,-8.9135,-8.585,0.328482484338
27_isomero_31_30.xyz,-8.7931,-8.4935,0.299580138755
27_isomero_19_18.xyz,-9.0019,-8.6018,0.40013282174
27_isomero_31_24.xyz,-9.0942,-8.6056,0.488573193364
27_isomero_18_19.xyz,-8.8035,-8.4421,0.361450515913
27_isomero_10_9.xyz,-9.0067,-8.4868,0.519877238729
27_isomero_25_24.xyz,-8.9015,-8.5791,0.322342265124
27_isomero_6_11.xyz,-8.7977,-8.5156,0.282044643973
27_isomero_36_30.xyz,-9.0402,-8.5675,0.472674123245
27_isomero_24_25.xyz,-8.8418,-8.5692,0.272584676473
27_isomero_15_22.xyz,-9.0745,-8.6284,0.44603435094
27_isomero_10_5.xyz,-8.7939,-8.5135,0.280427731809
27_isomero_14_8.xyz,-8.8257,-8.5722,0.253500159262
27_isomero_30_36.xyz,-8.8663,-8.404,0.462256064924
27_isomero_9_10.xyz,-8.969,-8.4641,0.504827145395
27_isomero_3_8.xyz,-8.8761,-8.7202,0.155913208617
27_isomero_8_14.xyz,-8.9325,-8.6547,0.277846344991
27_isomero_15_9.xyz,-8.8686,-8.5468,0.321803670511
27_isomero_26_27.xyz,-8.953,-8.6111,0.341943789231
27_isomero_14_21.xyz,-8.9709,-8.5921,0.37883400652
27_isomero_4_3.xyz,-8.9851,-8.5167,0.468363075266
27_isomero_30_31.xyz,-8.9314,-8.6799,0.251522148672
27_isomero_5_6.xyz,-8.9698,-8.4867,0.48315199946
27_isomero_13_20.xyz,-8.9106,-8.6029,0.307704185943
27_isomero_1_4.xyz,-8.9459,-8.7381,0.207770397026
27_isomero_4_9.xyz,-8.9298,-8.6713,0.258496508498
27_isomero_8_3.xyz,-8.7828,-8.5427,0.240068427404
27_isomero_19_12.xyz,-8.8919,-8.6412,0.250707237352
27_isomero_13_7.xyz,-8.825,-8.6058,0.219104660201
27_isomero_9_15.xyz,-8.9508,-8.6512,0.299653459755
27_isomero_12_19.xyz,-8.7664,-8.6017,0.164740584583
27_isomero_5_10.xyz,-8.9605,-8.7014,0.259111985155
27_isomero_5_2.xyz,-8.7965,-8.4821,0.31435486657
27_isomero_31_37.xyz,-8.9216,-8.5481,0.373461692342
27_isomero_7_8.xyz,-8.8841,-8.4248,0.459301533028
27_isomero_1_2.xyz,-8.9604,-8.5353,0.42510985956
27_isomero_36_41.xyz,-8.9248,-8.6379,0.286857103271
27_isomero_4_1.xyz,-8.7488,-8.441,0.307849682842
27_isomero_2_1.xyz,-8.9652,-8.5387,0.426532823616
27_isomero_18_25.xyz,-8.7459,-8.4608,0.285082773705
27_isomero_9_4.xyz,-8.8133,-8.5435,0.269860874832
27_isomero_24_31.xyz,-8.7845,-8.3116,0.472852550439
27_isomero_2_5.xyz,-8.9108,-8.6797,0.231150743993
27_isomero_19_26.xyz,-8.8836,-8.5004,0.383212435754
27_isomero_26_33.xyz,-8.9273,-8.5265,0.400834860781
27_isomero_25_18.xyz,-9.0006,-8.6446,0.355987999676
27_isomero_20_13.xyz,-8.872,-8.6142,0.257779227708
27_isomero_12_13.xyz,-8.8191,-8.3405,0.478513255946
27_isomero_25_32.xyz,-8.8876,-8.4488,0.438878600174
27_isomero_10_16.xyz,-8.9394,-8.5712,0.368166303499
27_isomero_14_15.xyz,-8.9165,-8.5125,0.404060618501
27_isomero_15_14.xyz,-9.0168,-8.5799,0.43688940481
27_isomero_6_5.xyz,-8.9453,-8.4707,0.474546474265
27_isomero_8_7.xyz,-9.0474,-8.5394,0.507930521393
27_isomero_7_13.xyz,-8.8166,-8.6766,0.140025653492
27_isomero_20_27.xyz,-8.9765,-8.5303,0.446121854057
27_isomero_26_19.xyz,-8.9869,-8.6457,0.341238162734
33_isomero_11_17.xyz,-9.2395,-8.1126,1.126851661952
33_pristina.xyz,-9.3499,-8.2049,1.145023672588
33_isomero_17_11.xyz,-9.3039,-8.1822,1.121740272317
33_isomero_10_9.xyz,-9.3283,-8.0561,1.272203065293
33_isomero_6_11.xyz,-8.9377,-8.2011,0.736551957761
33_isomero_16_10.xyz,-9.2984,-8.1815,1.116952981755
33_isomero_18_12.xyz,-9.3017,-8.2464,1.055233275745
33_isomero_11_12.xyz,-9.3267,-8.1006,1.226103467205
33_isomero_10_5.xyz,-9.0453,-8.2713,0.773955139104
33_isomero_5_6.xyz,-9.4015,-8.061,1.340528201722
33_isomero_11_6.xyz,-9.1044,-8.3241,0.780373611561
33_isomero_5_10.xyz,-9.0727,-8.2923,0.780347779301
33_isomero_5_2.xyz,-8.9386,-8.2088,0.729820348753
33_isomero_12_11.xyz,-9.1732,-7.9662,1.206997510069
33_isomero_2_1.xyz,-9.3018,-8.0714,1.230439234903
33_isomero_2_5.xyz,-8.9429,-8.3989,0.544062106983
33_isomero_12_18.xyz,-9.0459,-7.9827,1.063218145063
33_isomero_16_17.xyz,-9.227,-8.149,1.078001427576
33_isomero_10_16.xyz,-9.2006,-8.0975,1.103113091828
33_isomero_17_16.xyz,-9.2957,-8.2248,1.070884207841
33_isomero_6_5.xyz,-9.2397,-7.9336,1.306145078279
34_isomero_14_7.xyz,-9.0754,-8.4931,0.582286452096
34_pristina.xyz,-9.1759,-8.4146,0.761325002716
34_isomero_18_11.xyz,-9.0738,-8.4033,0.670433990369
34_isomero_3_4.xyz,-9.0972,-8.2457,0.851559364493
34_isomero_10_9.xyz,-9.1758,-8.2578,0.918022882547
34_isomero_6_11.xyz,-8.865,-8.4225,0.44252444002
34_isomero_7_14.xyz,-8.8505,-8.3013,0.549113543113
34_isomero_15_22.xyz,-9.1188,-8.3127,0.80607437827
34_isomero_11_12.xyz,-9.1949,-8.3205,0.874392905198
34_isomero_10_5.xyz,-8.9168,-8.4274,0.489397798077
34_isomero_8_15.xyz,-9.0172,-8.4022,0.61499434234
34_isomero_9_16.xyz,-9.0164,-8.3844,0.632008582981
34_isomero_9_10.xyz,-9.1691,-8.2548,0.914272739404
34_isomero_3_8.xyz,-8.8709,-8.4991,0.37182045632
34_isomero_13_14.xyz,-8.9986,-8.2858,0.712744830054
34_isomero_14_13.xyz,-9.0891,-8.35,0.73906887817
34_isomero_14_21.xyz,-9.0864,-8.2955,0.790980511376
34_isomero_15_16.xyz,-9.0996,-8.3564,0.743246814531
34_isomero_4_3.xyz,-9.1841,-8.3013,0.882745140679
34_isomero_5_6.xyz,-9.1841,-8.3051,0.878942658744
34_isomero_13_20.xyz,-8.9376,-8.171,0.766585927671
34_isomero_1_4.xyz,-8.9315,-8.5749,0.356626444745
34_isomero_4_9.xyz,-8.9724,-8.5014,0.470990864012
34_isomero_8_3.xyz,-8.9274,-8.4618,0.465608953601
34_isomero_12_19.xyz,-8.8983,-8.2416,0.656727916411
34_isomero_11_6.xyz,-8.9725,-8.4745,0.497990516228
34_isomero_5_10.xyz,-8.9873,-8.5058,0.481540695208
34_isomero_5_2.xyz,-8.8665,-8.3311,0.535434445945
34_isomero_16_23.xyz,-9.1514,-8.3447,0.806735277011
34_isomero_7_8.xyz,-8.9982,-8.106,0.892255650383
34_isomero_12_11.xyz,-9.0234,-8.1545,0.868954200167
34_isomero_1_2.xyz,-9.1263,-8.3226,0.803771463659
34_isomero_4_1.xyz,-8.8544,-8.3205,0.533886051126
34_isomero_2_1.xyz,-9.1252,-8.3207,0.804504071719
34_isomero_17_10.xyz,-9.0676,-8.4183,0.649307729685
34_isomero_18_25.xyz,-9.1947,-8.4011,0.793627088243
34_isomero_11_18.xyz,-9.0718,-8.3853,0.68645935918
34_isomero_17_24.xyz,-9.1677,-8.3499,0.817871900868
34_isomero_9_4.xyz,-8.9156,-8.4389,0.476651247345
34_isomero_15_8.xyz,-9.0122,-8.4525,0.55961976928
34_isomero_2_5.xyz,-8.9145,-8.5601,0.354421395722
34_isomero_18_17.xyz,-9.1398,-8.4032,0.736597281302
34_isomero_20_13.xyz,-9.1895,-8.4236,0.765982372869
34_isomero_16_9.xyz,-9.0629,-8.4256,0.637323055906
34_isomero_17_18.xyz,-9.0911,-8.3522,0.73892410114
34_isomero_6_5.xyz,-9.0859,-8.2283,0.85759246326
34_isomero_8_7.xyz,-9.2643,-8.36,0.904291680124
34_isomero_10_17.xyz,-9.0252,-8.3726,0.652627382094
34_isomero_16_15.xyz,-9.1436,-8.3777,0.765879795186
34_isomero_20_27.xyz,-9.1184,-8.4647,0.653750604525
35_isomero_16_24.xyz,-9.0259,-8.5182,0.507661133531
35_pristina.xyz,-9.0601,-8.5545,0.505598906434
35_isomero_21_13.xyz,-9.0397,-8.6109,0.428809690377
35_isomero_14_7.xyz,-8.91,-8.6004,0.309632261146
35_isomero_18_11.xyz,-8.9355,-8.5361,0.399370202489
35_isomero_3_4.xyz,-9.0024,-8.4507,0.551707426385
35_isomero_20_21.xyz,-8.9017,-8.4855,0.416230160377
35_isomero_28_35.xyz,-9.0107,-8.6,0.410676118381
35_isomero_10_9.xyz,-9.0433,-8.4124,0.630868731028
35_isomero_6_11.xyz,-8.8346,-8.5678,0.266736219407
35_isomero_7_14.xyz,-8.8011,-8.5637,0.237390562014
35_isomero_11_12.xyz,-9.0761,-8.4784,0.597677325982
35_isomero_10_5.xyz,-8.8443,-8.5204,0.323977624555
35_isomero_8_15.xyz,-8.9274,-8.5829,0.344449951067
35_isomero_9_16.xyz,-8.9321,-8.569,0.363111251153
35_isomero_9_10.xyz,-9.0576,-8.4319,0.625760943329
35_isomero_21_20.xyz,-8.9469,-8.4992,0.447623574102
35_isomero_3_8.xyz,-8.8638,-8.6486,0.215204445984
35_isomero_14_22.xyz,-8.9238,-8.4817,0.442080702845
35_isomero_22_23.xyz,-8.9938,-8.5334,0.460372788182
35_isomero_13_14.xyz,-8.8551,-8.2896,0.565516233141
35_isomero_14_13.xyz,-9.1194,-8.5478,0.571661064867
35_isomero_20_28.xyz,-8.8561,-8.3209,0.53517508482
35_isomero_15_16.xyz,-8.9918,-8.4531,0.538787786245
35_isomero_4_3.xyz,-9.0372,-8.4648,0.572432570261
35_isomero_5_6.xyz,-9.0443,-8.4724,0.571823644619
35_isomero_28_20.xyz,-9.0893,-8.5519,0.53740442065
35_isomero_1_4.xyz,-8.9353,-8.6779,0.257470679756
35_isomero_22_14.xyz,-8.9855,-8.6061,0.379445663909
35_isomero_4_9.xyz,-8.9294,-8.6298,0.299603587259
35_isomero_8_3.xyz,-8.8414,-8.5349,0.30647467571
35_isomero_15_23.xyz,-8.9673,-8.4826,0.484727868611
35_isomero_12_19.xyz,-8.8139,-8.4043,0.409558329975
35_isomero_11_6.xyz,-8.8883,-8.5617,0.326666674548
35_isomero_5_10.xyz,-8.945,-8.6321,0.312927110522
35_isomero_5_2.xyz,-8.8114,-8.4197,0.391713934759
35_isomero_7_8.xyz,-8.9139,-8.34,0.573859409423
35_isomero_12_11.xyz,-8.914,-8.3213,0.592614004184
35_isomero_1_2.xyz,-9.0118,-8.4868,0.525021017326
35_isomero_23_22.xyz,-9.006,-8.5371,0.468814756579
35_isomero_4_1.xyz,-8.8069,-8.4163,0.390632679801
35_isomero_23_31.xyz,-8.9995,-8.5052,0.494259986332
35_isomero_23_15.xyz,-9.0241,-8.5289,0.495211946991
35_isomero_2_1.xyz,-9.0096,-8.4841,0.525533223572
35_isomero_17_10.xyz,-8.9416,-8.5502,0.391475117888
35_isomero_11_18.xyz,-8.976,-8.5588,0.417219917247
35_isomero_9_4.xyz,-8.8494,-8.5313,0.318067955363
35_isomero_18_26.xyz,-9.074,-8.5557,0.518355400666
35_isomero_15_8.xyz,-8.8812,-8.5763,0.304930524467
35_isomero_2_5.xyz,-8.9121,-8.6735,0.238627891487
35_isomero_18_17.xyz,-9.0269,-8.5122,0.514715781548
35_isomero_13_21.xyz,-8.7774,-8.3788,0.398646933477
35_isomero_22_30.xyz,-9.0166,-8.4804,0.536155654213
35_isomero_16_9.xyz,-8.9288,-8.5568,0.37192375023
35_isomero_17_18.xyz,-9.0085,-8.4908,0.517734739056
35_isomero_6_5.xyz,-8.9791,-8.4206,0.558482175563
35_isomero_8_7.xyz,-9.1131,-8.5031,0.609979314655
35_isomero_10_17.xyz,-8.9371,-8.544,0.393089966706
35_isomero_17_25.xyz,-9.041,-8.5056,0.535435856913
35_isomero_16_15.xyz,-9.0682,-8.5079,0.560310626733
35_isomero_21_29.xyz,-8.9634,-8.4382,0.52514626947
36_isomero_16_24.xyz,-8.9546,-8.6439,0.3107406559
36_pristina.xyz,-8.9851,-8.6481,0.336972144945
36_isomero_21_13.xyz,-8.902,-8.6925,0.209555365069
36_isomero_14_7.xyz,-8.8342,-8.6481,0.18615641924
36_isomero_18_11.xyz,-8.8543,-8.6135,0.240831668742
36_isomero_3_4.xyz,-8.9384,-8.5781,0.360214043161
36_isomero_20_21.xyz,-8.7778,-8.4533,0.324459767201
36_isomero_31_30.xyz,-8.9344,-8.6275,0.306931472021
36_isomero_20_29.xyz,-8.7253,-8.4359,0.28935312095
36_isomero_10_9.xyz,-8.9533,-8.5311,0.422201766191
36_isomero_6_11.xyz,-8.8331,-8.6645,0.168653776788
36_isomero_7_14.xyz,-8.8124,-8.6834,0.128977639138
36_isomero_24_25.xyz,-8.9344,-8.6275,0.306892092291
36_isomero_11_12.xyz,-8.988,-8.586,0.402031904468
36_isomero_10_5.xyz,-8.8044,-8.5816,0.222829526201
36_isomero_29_37.xyz,-8.8856,-8.5423,0.34330375516
36_isomero_8_15.xyz,-8.8927,-8.686,0.206716549975
36_isomero_24_33.xyz,-8.9753,-8.6171,0.358165939474
36_isomero_9_16.xyz,-8.895,-8.6743,0.220716485886
36_isomero_9_10.xyz,-8.9787,-8.5601,0.418608210306
36_isomero_21_20.xyz,-9.0052,-8.6604,0.344798422463
36_isomero_3_8.xyz,-8.8754,-8.7232,0.152267404262
36_isomero_30_21.xyz,-8.9769,-8.7234,0.253471576044
36_isomero_36_28.xyz,-9.0146,-8.642,0.372610768315
36_isomero_14_22.xyz,-8.8616,-8.6369,0.224752204604
36_isomero_22_23.xyz,-8.9116,-8.5959,0.315749861487
36_isomero_24_16.xyz,-8.8968,-8.601,0.295800759264
36_isomero_13_14.xyz,-8.7953,-8.4016,0.393668394494
36_isomero_14_13.xyz,-9.0591,-8.6436,0.415451724069
36_isomero_23_32.xyz,-8.947,-8.6124,0.334595529997
36_isomero_31_39.xyz,-8.8968,-8.601,0.295797914883
36_isomero_15_16.xyz,-8.9318,-8.5415,0.390264548988
36_isomero_4_3.xyz,-8.9487,-8.5764,0.372294432651
36_isomero_30_31.xyz,-8.9387,-8.6323,0.306411835271
36_isomero_5_6.xyz,-8.9566,-8.5824,0.37418170864
36_isomero_1_4.xyz,-8.9434,-8.7411,0.202366904258
36_isomero_22_14.xyz,-8.8628,-8.69,0.172788030933
36_isomero_4_9.xyz,-8.9141,-8.7123,0.201834502754
36_isomero_8_3.xyz,-8.803,-8.5861,0.216860524631
36_isomero_36_43.xyz,-8.9477,-8.6844,0.263261764408
36_isomero_30_38.xyz,-8.9278,-8.5915,0.33625759626
36_isomero_15_23.xyz,-8.8988,-8.6232,0.275529092637
36_isomero_22_31.xyz,-8.922,-8.5686,0.353395219926
36_isomero_12_19.xyz,-8.7696,-8.5099,0.259671374594
36_isomero_11_6.xyz,-8.8341,-8.6139,0.220174451681
36_isomero_5_10.xyz,-8.9233,-8.7096,0.213647413827
36_isomero_5_2.xyz,-8.775,-8.4921,0.282935712851
36_isomero_21_30.xyz,-8.8399,-8.5318,0.308172314041
36_isomero_7_8.xyz,-8.8722,-8.5126,0.35951861349
36_isomero_29_28.xyz,-8.8654,-8.5891,0.276369116206
36_isomero_12_11.xyz,-8.845,-8.4514,0.393610263541
36_isomero_28_36.xyz,-8.8019,-8.433,0.368934872717
36_isomero_1_2.xyz,-8.9397,-8.5933,0.346408776255
36_isomero_23_22.xyz,-8.9656,-8.6343,0.331301005659
36_isomero_4_1.xyz,-8.7808,-8.5001,0.280730779358
36_isomero_23_15.xyz,-8.9155,-8.6295,0.285963848859
36_isomero_2_1.xyz,-8.9383,-8.592,0.346358583273
36_isomero_17_10.xyz,-8.8718,-8.6266,0.245145535198
36_isomero_11_18.xyz,-8.9253,-8.6671,0.258221230828
36_isomero_9_4.xyz,-8.812,-8.5893,0.222727414625
36_isomero_29_20.xyz,-9.0094,-8.6942,0.315196051728
36_isomero_18_26.xyz,-8.9856,-8.6554,0.330169635249
36_isomero_31_22.xyz,-8.9753,-8.6171,0.358201763744
36_isomero_15_8.xyz,-8.8256,-8.6393,0.18632429856
36_isomero_2_5.xyz,-8.929,-8.7466,0.182393556638
36_isomero_18_17.xyz,-8.9455,-8.5828,0.362749797412
36_isomero_13_21.xyz,-8.7476,-8.5982,0.149426173085
36_isomero_16_9.xyz,-8.8608,-8.631,0.229778024999
36_isomero_17_18.xyz,-8.9571,-8.5903,0.366821809448
36_isomero_6_5.xyz,-8.9133,-8.5483,0.364975264013
36_isomero_8_7.xyz,-8.9959,-8.5964,0.39951066245
36_isomero_10_17.xyz,-8.8955,-8.6532,0.242274529707
36_isomero_17_25.xyz,-8.9612,-8.6257,0.335550932615
36_isomero_28_29.xyz,-8.8532,-8.608,0.245220242021
36_isomero_16_15.xyz,-8.997,-8.5911,0.405916847962
37_isomero_16_24.xyz,-8.919,-8.7257,0.193368565353
37_pristina.xyz,-8.9377,-8.7105,0.227204003961
37_isomero_44_36.xyz,-8.9631,-8.705,0.25814478591
37_isomero_37_45.xyz,-8.8417,-8.6176,0.224120345805
37_isomero_21_13.xyz,-8.8401,-8.7196,0.120565919068
37_isomero_14_7.xyz,-8.8053,-8.6767,0.128580412851
37_isomero_18_11.xyz,-8.8083,-8.6571,0.151204955556
37_isomero_3_4.xyz,-8.8967,-8.658,0.238797837603
37_isomero_20_21.xyz,-8.7291,-8.4665,0.262627543711
37_isomero_31_30.xyz,-8.9081,-8.7015,0.206564555778
37_isomero_20_29.xyz,-8.7129,-8.6114,0.101536486787
37_isomero_37_36.xyz,-8.8206,-8.6448,0.175809345559
37_isomero_10_9.xyz,-8.8989,-8.6187,0.280227066041
37_isomero_6_11.xyz,-8.8481,-8.7264,0.121677751495
37_isomero_7_14.xyz,-8.8326,-8.7396,0.092986044709
37_isomero_31_40.xyz,-8.8711,-8.668,0.203133350427
37_isomero_24_25.xyz,-8.8977,-8.6863,0.211415367022
37_isomero_11_12.xyz,-8.9277,-8.6574,0.270321230962
37_isomero_10_5.xyz,-8.7842,-8.6265,0.157742097525
37_isomero_8_15.xyz,-8.8841,-8.7462,0.137905944402
37_isomero_24_33.xyz,-8.9351,-8.6916,0.243550714465
37_isomero_9_16.xyz,-8.8803,-8.7348,0.145446254896
37_isomero_9_10.xyz,-8.9246,-8.6457,0.278893277664
37_isomero_21_20.xyz,-9.0044,-8.7328,0.271586308987
37_isomero_3_8.xyz,-8.8858,-8.7645,0.121322091653
37_isomero_36_37.xyz,-8.8353,-8.6833,0.151923548371
37_isomero_30_21.xyz,-8.8749,-8.772,0.102904309814
37_isomero_14_22.xyz,-8.8483,-8.7178,0.130503281548
37_isomero_22_23.xyz,-8.8713,-8.6417,0.229523497421
37_isomero_24_16.xyz,-8.8424,-8.6592,0.183205201089
37_isomero_13_14.xyz,-8.7783,-8.5448,0.233581654301
37_isomero_14_13.xyz,-8.9749,-8.6979,0.277010990067
37_isomero_23_32.xyz,-8.9167,-8.7032,0.213442918316
37_isomero_38_46.xyz,-8.869,-8.6608,0.208276479548
37_isomero_15_16.xyz,-8.8956,-8.6184,0.277162955656
37_isomero_4_3.xyz,-8.8979,-8.6527,0.245192812664
37_isomero_30_31.xyz,-8.8774,-8.6795,0.197918578562
37_isomero_5_6.xyz,-8.9031,-8.6549,0.248165065455
37_isomero_36_44.xyz,-8.7699,-8.5163,0.253595373129
37_isomero_1_4.xyz,-8.9473,-8.7826,0.164754786868
37_isomero_38_39.xyz,-8.9051,-8.691,0.214135496685
37_isomero_22_14.xyz,-8.8236,-8.7211,0.102566860183
37_isomero_4_9.xyz,-8.9121,-8.7646,0.147526816283
37_isomero_8_3.xyz,-8.7879,-8.629,0.15885134554
37_isomero_15_23.xyz,-8.872,-8.7077,0.16432335367
37_isomero_22_31.xyz,-8.8736,-8.6642,0.209382756117
37_isomero_30_39.xyz,-8.8824,-8.6381,0.244292711895
37_isomero_12_19.xyz,-8.7499,-8.5816,0.168299659206
37_isomero_11_6.xyz,-8.8013,-8.6467,0.154613816329
37_isomero_5_10.xyz,-8.9116,-8.7587,0.152903401835
37_isomero_38_29.xyz,-8.9842,-8.7989,0.185225717298
37_isomero_5_2.xyz,-8.7549,-8.5541,0.200824242984
37_isomero_21_30.xyz,-8.8034,-8.66,0.143362063889
37_isomero_7_8.xyz,-8.8508,-8.6187,0.23208547477
37_isomero_29_28.xyz,-8.9328,-8.7264,0.206378506308
37_isomero_12_11.xyz,-8.8069,-8.5478,0.259130975954
37_isomero_1_2.xyz,-8.8956,-8.6636,0.231980207569
37_isomero_23_22.xyz,-8.935,-8.6902,0.244783148809
37_isomero_4_1.xyz,-8.7669,-8.5676,0.199260140453
37_isomero_23_15.xyz,-8.8602,-8.6868,0.173411384586
37_isomero_2_1.xyz,-8.8956,-8.6641,0.231477849045
37_isomero_17_10.xyz,-8.8327,-8.6728,0.159973932299
37_isomero_11_18.xyz,-8.9014,-8.7355,0.165867538929
37_isomero_44_51.xyz,-8.9108,-8.7382,0.172546271345
37_isomero_9_4.xyz,-8.7919,-8.6311,0.160804313001
37_isomero_29_20.xyz,-8.9033,-8.7563,0.146991541181
37_isomero_18_26.xyz,-8.928,-8.717,0.210984184389
37_isomero_28_37.xyz,-8.6931,-8.4789,0.214167593477
37_isomero_31_22.xyz,-8.9024,-8.6863,0.216062788991
37_isomero_15_8.xyz,-8.8027,-8.6758,0.126875069637
37_isomero_2_5.xyz,-8.9449,-8.7917,0.153141426852
37_isomero_37_28.xyz,-8.9851,-8.7524,0.232686789927
37_isomero_18_17.xyz,-8.8911,-8.6325,0.258613038193
37_isomero_13_21.xyz,-8.775,-8.6929,0.082167060703
37_isomero_16_9.xyz,-8.828,-8.6769,0.151119805526
37_isomero_17_18.xyz,-8.923,-8.6614,0.261619303751
37_isomero_6_5.xyz,-8.8756,-8.6343,0.241313071862
37_isomero_8_7.xyz,-8.9252,-8.6632,0.261987203125
37_isomero_10_17.xyz,-8.8803,-8.7241,0.15621555174
37_isomero_17_25.xyz,-8.9176,-8.7072,0.210413660362
37_isomero_29_38.xyz,-8.7836,-8.5611,0.222502678477
37_isomero_28_29.xyz,-8.7446,-8.5624,0.182233094898
37_isomero_16_15.xyz,-8.9403,-8.6522,0.288110166708
44_isomero_19_27.xyz,-8.9592,-8.484,0.475235079137
44_pristina.xyz,-9.0529,-8.5653,0.487584695471
44_isomero_18_11.xyz,-8.8984,-8.5892,0.309219043737
44_isomero_10_9.xyz,-9.0449,-8.4385,0.606469105098
44_isomero_25_24.xyz,-9.0062,-8.5399,0.466283341586
44_isomero_6_11.xyz,-8.8467,-8.6332,0.213539009582
44_isomero_11_12.xyz,-9.1022,-8.5242,0.578027884907
44_isomero_10_5.xyz,-8.8512,-8.5447,0.306479433028
44_isomero_25_17.xyz,-9.0183,-8.5421,0.476115470215
44_isomero_27_19.xyz,-9.0373,-8.5746,0.46279002233
44_isomero_19_20.xyz,-9.0398,-8.5199,0.519968588026
44_isomero_27_26.xyz,-9.0108,-8.5517,0.459066067796
44_isomero_26_27.xyz,-8.9902,-8.5298,0.460474359015
44_isomero_20_28.xyz,-8.8204,-8.3653,0.455081999318
44_isomero_20_19.xyz,-8.8775,-8.3688,0.508663885799
44_isomero_5_6.xyz,-9.0331,-8.4862,0.546838916008
44_isomero_28_20.xyz,-9.047,-8.5929,0.45407008007
44_isomero_19_12.xyz,-8.9507,-8.6171,0.333650248059
44_isomero_12_19.xyz,-8.7872,-8.4964,0.290724799326
44_isomero_11_6.xyz,-8.8532,-8.5548,0.298448300972
44_isomero_5_10.xyz,-8.9279,-8.6351,0.292809323979
44_isomero_5_2.xyz,-8.8117,-8.4284,0.38329624956
44_isomero_12_11.xyz,-8.8967,-8.3388,0.557858859818
44_isomero_26_18.xyz,-9.012,-8.5334,0.478633879501
44_isomero_2_1.xyz,-9.0043,-8.4997,0.504632968883
44_isomero_17_10.xyz,-8.9275,-8.5773,0.35021010317
44_isomero_11_18.xyz,-8.9243,-8.5772,0.347027382147
44_isomero_18_26.xyz,-8.9736,-8.5013,0.472282084871
44_isomero_2_5.xyz,-8.9254,-8.6836,0.241795375472
44_isomero_18_17.xyz,-8.9929,-8.4657,0.527237562355
44_isomero_17_18.xyz,-9.0598,-8.5157,0.544029614529
44_isomero_6_5.xyz,-8.9844,-8.4545,0.529888749681
44_isomero_10_17.xyz,-8.9158,-8.5691,0.346737158233
44_isomero_17_25.xyz,-8.9927,-8.509,0.483748080906
45_isomero_14_7.xyz,-8.8422,-8.6703,0.171865836874
45_pristina.xyz,-8.9732,-8.6649,0.308313424619
45_isomero_18_11.xyz,-8.8388,-8.6607,0.178142001828
45_isomero_3_4.xyz,-8.9206,-8.5942,0.326393200024
45_isomero_20_29.xyz,-8.757,-8.4884,0.268618398991
45_isomero_10_9.xyz,-8.9474,-8.5675,0.379940607911
45_isomero_6_11.xyz,-8.8567,-8.7203,0.136409496789
45_isomero_7_14.xyz,-8.795,-8.672,0.122938415293
45_isomero_26_17.xyz,-8.9161,-8.6545,0.261634364754
45_isomero_11_12.xyz,-8.9911,-8.6348,0.356337853201
45_isomero_10_5.xyz,-8.8158,-8.6099,0.205823785797
45_isomero_24_15.xyz,-8.9098,-8.6552,0.254583943613
45_isomero_23_24.xyz,-8.904,-8.6049,0.299094015689
45_isomero_16_25.xyz,-8.9092,-8.6448,0.264352882494
45_isomero_8_15.xyz,-8.8776,-8.6865,0.191165915395
45_isomero_24_33.xyz,-8.9217,-8.605,0.316697289734
45_isomero_9_16.xyz,-8.877,-8.6806,0.196386667414
45_isomero_9_10.xyz,-8.9599,-8.5803,0.37953720416
45_isomero_3_8.xyz,-8.8697,-8.7282,0.141482429861
45_isomero_15_24.xyz,-8.8808,-8.6326,0.248260840067
45_isomero_19_20.xyz,-8.9906,-8.6375,0.353092028046
45_isomero_22_13.xyz,-8.9327,-8.7111,0.221626185602
45_isomero_21_22.xyz,-8.7983,-8.5289,0.269419845478
45_isomero_25_16.xyz,-8.9033,-8.6527,0.250590335122
45_isomero_30_21.xyz,-8.9877,-8.6813,0.306349423144
45_isomero_13_14.xyz,-8.7773,-8.4147,0.362545060093
45_isomero_14_13.xyz,-9.0403,-8.6699,0.370384673837
45_isomero_23_32.xyz,-8.928,-8.609,0.318950144866
45_isomero_15_16.xyz,-8.9185,-8.5515,0.366964473627
45_isomero_4_3.xyz,-8.9391,-8.6029,0.336164417718
45_isomero_20_19.xyz,-8.7932,-8.44,0.353204777011
45_isomero_22_21.xyz,-8.9328,-8.638,0.2948552491
45_isomero_5_6.xyz,-8.9419,-8.6055,0.33636551833
45_isomero_1_4.xyz,-8.9434,-8.7518,0.191594067677
45_isomero_27_28.xyz,-8.9326,-8.6365,0.296171392786
45_isomero_18_27.xyz,-8.8992,-8.6288,0.27035153385
45_isomero_4_9.xyz,-8.9087,-8.7183,0.190376898489
45_isomero_8_3.xyz,-8.8038,-8.6031,0.200676800244
45_isomero_19_12.xyz,-8.8762,-8.6837,0.192539731145
45_isomero_27_18.xyz,-8.9115,-8.6379,0.273588571692
45_isomero_22_31.xyz,-8.8701,-8.5565,0.31361003898
45_isomero_30_39.xyz,-8.9651,-8.6952,0.269910292035
45_isomero_12_19.xyz,-8.7687,-8.6168,0.151888762083
45_isomero_11_6.xyz,-8.8034,-8.6078,0.195615740628
45_isomero_5_10.xyz,-8.9109,-8.7147,0.196159881597
45_isomero_27_36.xyz,-8.9479,-8.6258,0.322092736206
45_isomero_5_2.xyz,-8.7778,-8.5126,0.265132528725
45_isomero_21_30.xyz,-8.7668,-8.4601,0.306661381091
45_isomero_26_35.xyz,-8.968,-8.6515,0.316444319703
45_isomero_7_8.xyz,-8.8498,-8.5255,0.324320364218
45_isomero_12_11.xyz,-8.8321,-8.4981,0.333952960903
45_isomero_19_28.xyz,-8.8867,-8.6169,0.269726405684
45_isomero_1_2.xyz,-8.929,-8.6138,0.315243645802
45_isomero_28_19.xyz,-8.9221,-8.6785,0.24362161386
45_isomero_13_22.xyz,-8.7281,-8.5478,0.180267571455
45_isomero_25_34.xyz,-8.9473,-8.6227,0.324606374509
45_isomero_4_1.xyz,-8.7839,-8.5194,0.26454499223
45_isomero_2_1.xyz,-8.9288,-8.6136,0.315179114761
45_isomero_17_10.xyz,-8.8598,-8.6555,0.204260263232
45_isomero_11_18.xyz,-8.8828,-8.679,0.203754207569
45_isomero_28_27.xyz,-8.9313,-8.6364,0.29485576426
45_isomero_9_4.xyz,-8.8174,-8.6118,0.205639167959
45_isomero_28_37.xyz,-9.0093,-8.695,0.314244903591
45_isomero_15_8.xyz,-8.8347,-8.6656,0.169121092486
45_isomero_2_5.xyz,-8.9405,-8.7585,0.182041219697
45_isomero_18_17.xyz,-8.9111,-8.5506,0.360588691572
45_isomero_16_9.xyz,-8.8602,-8.6576,0.202570638158
45_isomero_17_18.xyz,-8.9935,-8.6229,0.370639645598
45_isomero_17_26.xyz,-8.909,-8.6368,0.272177010858
45_isomero_6_5.xyz,-8.912,-8.5852,0.32687945967
45_isomero_23_14.xyz,-8.8822,-8.7124,0.169847017598
45_isomero_8_7.xyz,-8.985,-8.6283,0.356719442804
45_isomero_24_23.xyz,-8.9633,-8.6518,0.311567269194
45_isomero_10_17.xyz,-8.8753,-8.6783,0.196999112564
45_isomero_25_26.xyz,-8.9399,-8.6353,0.304561812557
45_isomero_14_23.xyz,-8.8497,-8.631,0.218689482593
45_isomero_26_25.xyz,-8.9366,-8.6315,0.305153576639
45_isomero_16_15.xyz,-8.9934,-8.6148,0.378504002096
46_isomero_28_38.xyz,-8.9753,-8.7733,0.201982238494
46_pristina.xyz,-8.9248,-8.7295,0.195359563408
46_isomero_14_7.xyz,-8.8041,-8.6923,0.111755936477
46_isomero_18_11.xyz,-8.808,-8.6958,0.11213383896
46_isomero_3_4.xyz,-8.8803,-8.6768,0.203532153226
46_isomero_31_30.xyz,-8.871,-8.706,0.165040416788
46_isomero_20_29.xyz,-8.7287,-8.5685,0.160237943846
46_isomero_24_34.xyz,-8.8759,-8.6953,0.180571070398
46_isomero_33_43.xyz,-8.8608,-8.6678,0.193011368179
46_isomero_25_35.xyz,-8.8945,-8.6988,0.195726151732
46_isomero_10_9.xyz,-8.8895,-8.6559,0.233684744959
46_isomero_6_11.xyz,-8.8782,-8.7759,0.102319370795
46_isomero_30_40.xyz,-8.7354,-8.5313,0.204167135454
46_isomero_34_35.xyz,-8.8911,-8.7052,0.185895272714
46_isomero_7_14.xyz,-8.8273,-8.7441,0.083269752189
46_isomero_26_17.xyz,-8.8637,-8.715,0.148748191919
46_isomero_11_12.xyz,-8.923,-8.7046,0.218455421016
46_isomero_10_5.xyz,-8.7985,-8.6571,0.141397037093
46_isomero_24_15.xyz,-8.8562,-8.7139,0.142307262464
46_isomero_23_24.xyz,-8.8535,-8.6461,0.207462603856
46_isomero_16_25.xyz,-8.8769,-8.7271,0.149757887863
46_isomero_8_15.xyz,-8.8688,-8.747,0.121779839188
46_isomero_9_16.xyz,-8.8668,-8.7406,0.126180154455
46_isomero_9_10.xyz,-8.9053,-8.6711,0.234203881917
46_isomero_3_8.xyz,-8.8863,-8.7727,0.113624587268
46_isomero_15_24.xyz,-8.8541,-8.718,0.136091464834
46_isomero_19_20.xyz,-8.9484,-8.7159,0.232473041081
46_isomero_31_41.xyz,-8.8134,-8.6087,0.204725223033
46_isomero_22_13.xyz,-8.8459,-8.7418,0.104150021643
46_isomero_21_22.xyz,-8.71,-8.4902,0.219803049379
46_isomero_25_16.xyz,-8.8498,-8.7083,0.141498379232
46_isomero_13_14.xyz,-8.7568,-8.5654,0.191410038806
46_isomero_14_13.xyz,-8.961,-8.7321,0.228899239611
46_isomero_40_30.xyz,-8.9455,-8.7412,0.204253788576
46_isomero_21_31.xyz,-8.6904,-8.5753,0.115064947947
46_isomero_23_33.xyz,-8.8561,-8.6803,0.175809462101
46_isomero_32_33.xyz,-8.864,-8.6849,0.179035812912
46_isomero_15_16.xyz,-8.8813,-8.6392,0.242084458932
46_isomero_4_3.xyz,-8.8879,-8.6801,0.207804045188
46_isomero_20_19.xyz,-8.7427,-8.5117,0.230978367605
46_isomero_30_31.xyz,-8.7664,-8.6252,0.141140668453
46_isomero_22_21.xyz,-8.9878,-8.7606,0.227134529187
46_isomero_5_6.xyz,-8.8887,-8.6802,0.208491983351
46_isomero_32_42.xyz,-8.8909,-8.6865,0.204461699984
46_isomero_1_4.xyz,-8.9485,-8.7934,0.155036744316
46_isomero_27_28.xyz,-8.9025,-8.7073,0.195125982794
46_isomero_18_27.xyz,-8.8667,-8.7109,0.155802310792
46_isomero_4_9.xyz,-8.906,-8.7715,0.134490106203
46_isomero_33_32.xyz,-8.9104,-8.7249,0.185479789859
46_isomero_8_3.xyz,-8.789,-8.6466,0.142403627435
46_isomero_19_12.xyz,-8.8321,-8.7155,0.11651448127
46_isomero_27_18.xyz,-8.8564,-8.697,0.159418125578
46_isomero_26_36.xyz,-8.9309,-8.7339,0.197029134698
46_isomero_12_19.xyz,-8.7819,-8.6911,0.090774432692
46_isomero_11_6.xyz,-8.7742,-8.6389,0.135262736998
46_isomero_5_10.xyz,-8.903,-8.7642,0.138859528661
46_isomero_5_2.xyz,-8.758,-8.5806,0.177367607888
46_isomero_7_8.xyz,-8.8321,-8.6377,0.194449569179
46_isomero_40_49.xyz,-8.9202,-8.7573,0.162871533841
46_isomero_12_11.xyz,-8.7995,-8.6011,0.19843798661
46_isomero_19_28.xyz,-8.8545,-8.701,0.153567040957
46_isomero_1_2.xyz,-8.8845,-8.6862,0.198371635562
46_isomero_28_19.xyz,-8.8581,-8.7312,0.126913513766
46_isomero_13_22.xyz,-8.758,-8.6851,0.072894420938
46_isomero_4_1.xyz,-8.7711,-8.5941,0.176975106508
46_isomero_2_1.xyz,-8.8857,-8.6876,0.198093198418
46_isomero_17_10.xyz,-8.8254,-8.6978,0.127575241601
46_isomero_32_22.xyz,-8.8866,-8.7935,0.093023511288
46_isomero_11_18.xyz,-8.8704,-8.7409,0.12953790343
46_isomero_33_23.xyz,-8.8943,-8.7136,0.18065987466
46_isomero_28_27.xyz,-8.879,-8.6873,0.19172647773
46_isomero_9_4.xyz,-8.7991,-8.6565,0.142580318702
46_isomero_31_21.xyz,-8.9255,-8.7764,0.149150759962
46_isomero_34_24.xyz,-8.8905,-8.722,0.168488715987
46_isomero_15_8.xyz,-8.8135,-8.7037,0.109798692905
46_isomero_2_5.xyz,-8.9527,-8.8054,0.147294312519
46_isomero_27_37.xyz,-8.9021,-8.6983,0.203777132905
46_isomero_18_17.xyz,-8.8581,-8.6193,0.238850656724
46_isomero_16_9.xyz,-8.8316,-8.7035,0.128085643994
46_isomero_22_32.xyz,-8.7906,-8.6584,0.132198883722
46_isomero_17_18.xyz,-8.9439,-8.6997,0.244293967803
46_isomero_17_26.xyz,-8.8724,-8.715,0.157328914611
46_isomero_6_5.xyz,-8.8725,-8.6694,0.20308640825
46_isomero_23_14.xyz,-8.8332,-8.7462,0.086980787214
46_isomero_8_7.xyz,-8.9129,-8.6941,0.218830192767
46_isomero_24_23.xyz,-8.9371,-8.7169,0.220257225378
46_isomero_10_17.xyz,-8.8673,-8.7448,0.122499445784
46_isomero_25_26.xyz,-8.9037,-8.6983,0.205411203017
46_isomero_14_23.xyz,-8.8303,-8.7169,0.113399783008
46_isomero_26_25.xyz,-8.894,-8.6876,0.206416058303
46_isomero_34_44.xyz,-8.894,-8.6985,0.195484661025
46_isomero_16_15.xyz,-8.9306,-8.6805,0.250159646217
47_isomero_28_38.xyz,-8.9267,-8.8134,0.113324055461
47_pristina.xyz,-8.8973,-8.7721,0.125203322663
47_isomero_14_7.xyz,-8.7974,-8.7174,0.080027883543
47_isomero_18_11.xyz,-8.7933,-8.7182,0.075082535307
47_isomero_3_4.xyz,-8.8567,-8.7274,0.129267446808
47_isomero_31_30.xyz,-8.9439,-8.8137,0.130173928357
47_isomero_20_29.xyz,-8.7222,-8.6233,0.098819503801
47_isomero_24_34.xyz,-8.8626,-8.7561,0.106499779812
47_isomero_25_35.xyz,-8.8706,-8.7537,0.116877558733
47_isomero_35_25.xyz,-8.8604,-8.7437,0.116776477001
47_isomero_40_50.xyz,-8.7212,-8.5857,0.135474964087
47_isomero_10_9.xyz,-8.8609,-8.7162,0.144738210093
47_isomero_6_11.xyz,-8.8905,-8.8088,0.081705439432
47_isomero_30_41.xyz,-8.6711,-8.5899,0.081214895748
47_isomero_34_35.xyz,-8.8686,-8.7478,0.120854442024
47_isomero_7_14.xyz,-8.8441,-8.7766,0.067509049349
47_isomero_35_34.xyz,-8.869,-8.7471,0.121931368948
47_isomero_35_46.xyz,-8.8921,-8.7762,0.115900688528
47_isomero_32_43.xyz,-8.841,-8.7184,0.122583166172
47_isomero_26_17.xyz,-8.8393,-8.748,0.09126078655
47_isomero_11_12.xyz,-8.8841,-8.7477,0.136382071209
47_isomero_10_5.xyz,-8.7925,-8.695,0.097514749383
47_isomero_24_15.xyz,-8.8358,-8.7476,0.088159229024
47_isomero_23_24.xyz,-8.8371,-8.692,0.145055765947
47_isomero_16_25.xyz,-8.8693,-8.7758,0.093465665446
47_isomero_8_15.xyz,-8.8694,-8.7838,0.085542850749
47_isomero_9_16.xyz,-8.8637,-8.7762,0.087467317319
47_isomero_9_10.xyz,-8.8724,-8.7268,0.145606391255
47_isomero_3_8.xyz,-8.888,-8.7966,0.091426205024
47_isomero_15_24.xyz,-8.8508,-8.7645,0.086307866234
47_isomero_19_20.xyz,-8.9142,-8.7658,0.148362747068
47_isomero_22_13.xyz,-8.8156,-8.748,0.067686732935
47_isomero_34_45.xyz,-8.8734,-8.7426,0.130822991295
47_isomero_21_22.xyz,-8.7075,-8.5811,0.126433624523
47_isomero_25_16.xyz,-8.8277,-8.74,0.087723827173
47_isomero_13_14.xyz,-8.7682,-8.6533,0.114895306384
47_isomero_14_13.xyz,-8.9066,-8.7654,0.141282767131
47_isomero_21_31.xyz,-8.735,-8.6893,0.045660728272
47_isomero_23_33.xyz,-8.8404,-8.743,0.097381404989
47_isomero_32_33.xyz,-8.828,-8.7078,0.120194250737
47_isomero_15_16.xyz,-8.8608,-8.7049,0.155979134942
47_isomero_4_3.xyz,-8.8624,-8.7318,0.130568072593
47_isomero_20_19.xyz,-8.7234,-8.5849,0.138455922946
47_isomero_30_31.xyz,-8.6892,-8.5766,0.112604743526
47_isomero_22_21.xyz,-8.954,-8.8011,0.15291184715
47_isomero_5_6.xyz,-8.8596,-8.7282,0.131369884064
47_isomero_40_41.xyz,-8.7678,-8.6831,0.084698211818
47_isomero_43_53.xyz,-8.8263,-8.7084,0.117939521543
47_isomero_31_42.xyz,-8.7585,-8.6676,0.090858407678
47_isomero_1_4.xyz,-8.935,-8.8212,0.113797570749
47_isomero_50_40.xyz,-8.9179,-8.7818,0.136079492306
47_isomero_27_28.xyz,-8.8881,-8.7566,0.131592549802
47_isomero_18_27.xyz,-8.859,-8.7642,0.094826049658
47_isomero_4_9.xyz,-8.9028,-8.8057,0.097136183646
47_isomero_33_32.xyz,-8.9004,-8.7718,0.128635642058
47_isomero_8_3.xyz,-8.7883,-8.6882,0.100159182771
47_isomero_42_52.xyz,-8.863,-8.7367,0.12629777227
47_isomero_19_12.xyz,-8.8074,-8.7303,0.077038565185
47_isomero_33_44.xyz,-8.8428,-8.7233,0.119506361742
47_isomero_27_18.xyz,-8.8278,-8.7307,0.097079471204
47_isomero_41_40.xyz,-8.8395,-8.7421,0.097432165896
47_isomero_26_36.xyz,-8.9107,-8.7895,0.121181471592
47_isomero_12_19.xyz,-8.8012,-8.7385,0.062656870208
47_isomero_11_6.xyz,-8.7619,-8.6667,0.095183516546
47_isomero_5_10.xyz,-8.8954,-8.7969,0.098561880849
47_isomero_41_30.xyz,-8.9265,-8.8214,0.105090953458
47_isomero_41_51.xyz,-8.7851,-8.654,0.131105503804
47_isomero_5_2.xyz,-8.751,-8.6336,0.117314323169
47_isomero_43_42.xyz,-8.8853,-8.7689,0.116418254797
47_isomero_7_8.xyz,-8.8245,-8.6993,0.125217042244
47_isomero_12_11.xyz,-8.7908,-8.6667,0.124091260877
47_isomero_19_28.xyz,-8.8489,-8.754,0.094970498438
47_isomero_1_2.xyz,-8.8602,-8.7336,0.126560015001
47_isomero_50_59.xyz,-8.8966,-8.7959,0.10075348288
47_isomero_42_31.xyz,-8.8914,-8.8332,0.05825735405
47_isomero_28_19.xyz,-8.8236,-8.7498,0.073723322087
47_isomero_13_22.xyz,-8.795,-8.7453,0.049636215877
47_isomero_4_1.xyz,-8.7659,-8.6481,0.117821056221
47_isomero_2_1.xyz,-8.863,-8.7367,0.126373593632
47_isomero_17_10.xyz,-8.809,-8.7245,0.084497973684
47_isomero_32_22.xyz,-8.8431,-8.7955,0.047538714793
47_isomero_11_18.xyz,-8.8692,-8.781,0.088204955749
47_isomero_33_23.xyz,-8.857,-8.7541,0.102912053073
47_isomero_28_27.xyz,-8.8455,-8.7179,0.127563426482
47_isomero_9_4.xyz,-8.7909,-8.6915,0.099365128543
47_isomero_31_21.xyz,-8.858,-8.7899,0.068077847896
47_isomero_34_24.xyz,-8.8511,-8.7535,0.097599035214
47_isomero_15_8.xyz,-8.808,-8.7316,0.076371592742
47_isomero_2_5.xyz,-8.9435,-8.8328,0.110650516827
47_isomero_27_37.xyz,-8.8776,-8.751,0.126620425306
47_isomero_42_43.xyz,-8.8476,-8.7335,0.114167483111
47_isomero_18_17.xyz,-8.8298,-8.6763,0.153519394243
47_isomero_16_9.xyz,-8.8215,-8.7361,0.085382965551
47_isomero_22_32.xyz,-8.7958,-8.7267,0.069097990611
47_isomero_43_32.xyz,-8.8855,-8.7594,0.126107650269
47_isomero_17_18.xyz,-8.9087,-8.7511,0.157635753471
47_isomero_17_26.xyz,-8.8604,-8.7624,0.098011430123
47_isomero_6_5.xyz,-8.8537,-8.7246,0.129062577153
47_isomero_23_14.xyz,-8.8204,-8.7632,0.05722964424
47_isomero_8_7.xyz,-8.8775,-8.7412,0.136284147692
47_isomero_24_23.xyz,-8.909,-8.7545,0.15457560985
47_isomero_10_17.xyz,-8.8714,-8.7872,0.084227914615
47_isomero_25_26.xyz,-8.8845,-8.7438,0.140700250042
47_isomero_14_23.xyz,-8.8357,-8.7612,0.074463278852
47_isomero_26_25.xyz,-8.8675,-8.7264,0.141094402894
47_isomero_16_15.xyz,-8.8899,-8.7295,0.160387463512
55_isomero_28_38.xyz,-8.8755,-8.6978,0.177687894014
55_pristina.xyz,-8.9206,-8.7346,0.185968846365
55_isomero_18_11.xyz,-8.8134,-8.709,0.104354177921
55_isomero_20_29.xyz,-8.7276,-8.6405,0.087104978685
55_isomero_38_28.xyz,-8.8809,-8.6998,0.181135155838
55_isomero_30_29.xyz,-8.7304,-8.5625,0.16790372051
55_isomero_37_36.xyz,-8.8768,-8.6973,0.179576723964
55_isomero_10_9.xyz,-8.8927,-8.6716,0.221124007148
55_isomero_6_11.xyz,-8.8867,-8.7809,0.105839053627
55_isomero_30_40.xyz,-8.722,-8.549,0.172944362673
55_isomero_26_17.xyz,-8.8569,-8.7237,0.133206158165
55_isomero_11_12.xyz,-8.9135,-8.7079,0.205615772624
55_isomero_10_5.xyz,-8.8018,-8.6651,0.136700798139
55_isomero_36_37.xyz,-8.9008,-8.7207,0.18016557094
55_isomero_19_20.xyz,-8.9636,-8.7469,0.216722882218
55_isomero_29_39.xyz,-8.8198,-8.6536,0.16619758308
55_isomero_36_26.xyz,-8.8831,-8.7038,0.17928650732
55_isomero_40_30.xyz,-8.9308,-8.7573,0.173500612192
55_isomero_20_19.xyz,-8.7358,-8.545,0.190825457027
55_isomero_5_6.xyz,-8.8844,-8.6871,0.197307605334
55_isomero_27_28.xyz,-8.9328,-8.728,0.204840919637
55_isomero_38_39.xyz,-8.8938,-8.7185,0.175263395927
55_isomero_18_27.xyz,-8.8502,-8.7195,0.130700214942
55_isomero_19_12.xyz,-8.8042,-8.7015,0.102721389278
55_isomero_27_18.xyz,-8.8526,-8.716,0.136556720525
55_isomero_26_36.xyz,-8.8929,-8.7115,0.181361621706
55_isomero_12_19.xyz,-8.8122,-8.7352,0.07708346368
55_isomero_11_6.xyz,-8.7798,-8.6458,0.133967896292
55_isomero_5_10.xyz,-8.9025,-8.7696,0.132896635753
55_isomero_5_2.xyz,-8.7657,-8.596,0.169754080691
55_isomero_12_11.xyz,-8.8135,-8.6302,0.183332255624
55_isomero_39_29.xyz,-8.9176,-8.7741,0.143580400177
55_isomero_19_28.xyz,-8.8261,-8.7087,0.11731140984
55_isomero_37_27.xyz,-8.9037,-8.7323,0.17135230915
55_isomero_28_19.xyz,-8.8413,-8.7532,0.088105687938
55_isomero_2_1.xyz,-8.8818,-8.6933,0.188483512719
55_isomero_17_10.xyz,-8.8291,-8.7083,0.120766478131
55_isomero_11_18.xyz,-8.8641,-8.7446,0.119479322038
55_isomero_28_27.xyz,-8.8463,-8.6532,0.193057957111
55_isomero_29_20.xyz,-8.8738,-8.7586,0.115211692673
55_isomero_2_5.xyz,-8.9513,-8.8024,0.148966513094
55_isomero_27_37.xyz,-8.8681,-8.6896,0.178510773421
55_isomero_18_17.xyz,-8.8646,-8.6355,0.229125586174
55_isomero_39_38.xyz,-8.8782,-8.7017,0.176494980198
55_isomero_17_18.xyz,-8.9353,-8.6987,0.236614282487
55_isomero_17_26.xyz,-8.8642,-8.722,0.142222290888
55_isomero_6_5.xyz,-8.8734,-8.6806,0.192730466936
55_isomero_10_17.xyz,-8.8635,-8.7452,0.118362602756
55_isomero_26_25.xyz,-8.8972,-8.6954,0.201756115782
55_isomero_29_30.xyz,-8.923,-8.7314,0.191581031222
56_isomero_25_36.xyz,-8.8615,-8.7616,0.099916377793
56_pristina.xyz,-8.8914,-8.7789,0.11251812175
56_isomero_14_7.xyz,-8.7894,-8.719,0.070392646388
56_isomero_18_11.xyz,-8.8036,-8.7363,0.06730582698
56_isomero_3_4.xyz,-8.8509,-8.735,0.11585876116
56_isomero_20_29.xyz,-8.7466,-8.6961,0.050488717888
56_isomero_22_33.xyz,-8.7903,-8.7223,0.067932447894
56_isomero_28_39.xyz,-8.8546,-8.7568,0.09781785505
56_isomero_40_29.xyz,-8.8624,-8.7957,0.066770149667
56_isomero_30_29.xyz,-8.7057,-8.6011,0.104553159683
56_isomero_10_9.xyz,-8.8588,-8.7301,0.1287425148
56_isomero_6_11.xyz,-8.8941,-8.8131,0.080986483639
56_isomero_37_26.xyz,-8.8445,-8.745,0.099547685412
56_isomero_30_41.xyz,-8.7057,-8.6069,0.098738228111
56_isomero_7_14.xyz,-8.8412,-8.7806,0.06062329399
56_isomero_31_32.xyz,-8.7226,-8.6422,0.08042959216
56_isomero_35_46.xyz,-8.8726,-8.7574,0.115192708879
56_isomero_32_43.xyz,-8.7838,-8.675,0.108763409829
56_isomero_26_37.xyz,-8.8715,-8.7711,0.100354625748
56_isomero_26_17.xyz,-8.838,-8.7603,0.077667665961
56_isomero_11_12.xyz,-8.8758,-8.7556,0.120140186445
56_isomero_10_5.xyz,-8.7965,-8.7062,0.09023996313
56_isomero_24_15.xyz,-8.8304,-8.7522,0.078203861887
56_isomero_23_24.xyz,-8.8207,-8.6914,0.12923895387
56_isomero_16_25.xyz,-8.8541,-8.7702,0.083922211949
56_isomero_37_48.xyz,-8.8645,-8.7494,0.115064592794
56_isomero_8_15.xyz,-8.8626,-8.7827,0.079873308245
56_isomero_37_38.xyz,-8.8817,-8.7699,0.111765089162
56_isomero_9_16.xyz,-8.8615,-8.7812,0.080285367825
56_isomero_9_10.xyz,-8.8616,-8.7325,0.129137225572
56_isomero_3_8.xyz,-8.8899,-8.8051,0.084791736491
56_isomero_15_24.xyz,-8.846,-8.7691,0.076937887897
56_isomero_19_20.xyz,-8.9167,-8.7925,0.124277436925
56_isomero_33_22.xyz,-8.8482,-8.8031,0.045073340087
56_isomero_22_13.xyz,-8.8178,-8.7588,0.058953861248
56_isomero_34_45.xyz,-8.8352,-8.7234,0.111806021244
56_isomero_34_33.xyz,-8.8989,-8.7845,0.114315630913
56_isomero_21_22.xyz,-8.6932,-8.5843,0.108933429856
56_isomero_24_35.xyz,-8.8454,-8.7495,0.095936086155
56_isomero_36_35.xyz,-8.8751,-8.7616,0.113467881247
56_isomero_25_16.xyz,-8.8347,-8.7576,0.077103076555
56_isomero_38_49.xyz,-8.8998,-8.788,0.111810178303
56_isomero_38_37.xyz,-8.8478,-8.7366,0.111254925301
56_isomero_13_14.xyz,-8.7471,-8.646,0.101071838839
56_isomero_14_13.xyz,-8.9082,-8.7847,0.123486786395
56_isomero_32_31.xyz,-8.8807,-8.7808,0.099956745219
56_isomero_32_21.xyz,-8.881,-8.8077,0.073361154491
56_isomero_34_23.xyz,-8.8512,-8.7578,0.093345002947
56_isomero_15_16.xyz,-8.846,-8.7081,0.137952073327
56_isomero_4_3.xyz,-8.8572,-8.7403,0.116865682436
56_isomero_20_19.xyz,-8.7263,-8.6213,0.105083483403
56_isomero_36_25.xyz,-8.8539,-8.7546,0.099312499598
56_isomero_22_21.xyz,-8.953,-8.8166,0.136364784313
56_isomero_5_6.xyz,-8.8553,-8.7382,0.117100127367
56_isomero_31_42.xyz,-8.7044,-8.5933,0.111162382727
56_isomero_1_4.xyz,-8.9326,-8.8282,0.104436811735
56_isomero_27_28.xyz,-8.9127,-8.7792,0.133546708186
56_isomero_18_27.xyz,-8.8471,-8.7699,0.077116001582
56_isomero_4_9.xyz,-8.8965,-8.8054,0.091173847497
56_isomero_35_36.xyz,-8.8553,-8.743,0.112282588992
56_isomero_8_3.xyz,-8.7811,-8.6906,0.090450348511
56_isomero_40_51.xyz,-8.9032,-8.8178,0.08545234234
56_isomero_35_24.xyz,-8.8602,-8.7722,0.088028138976
56_isomero_21_32.xyz,-8.7057,-8.6529,0.052846116202
56_isomero_19_12.xyz,-8.7846,-8.7174,0.067207908428
56_isomero_33_44.xyz,-8.8623,-8.7487,0.113542123268
56_isomero_27_18.xyz,-8.8254,-8.7462,0.079130856654
56_isomero_12_19.xyz,-8.8302,-8.7746,0.055634459897
56_isomero_11_6.xyz,-8.7694,-8.6808,0.088670415406
56_isomero_5_10.xyz,-8.8938,-8.8021,0.091705351243
56_isomero_5_2.xyz,-8.758,-8.6514,0.106657362016
56_isomero_7_8.xyz,-8.8113,-8.7,0.111337351116
56_isomero_12_11.xyz,-8.801,-8.691,0.109996647318
56_isomero_19_28.xyz,-8.828,-8.7544,0.073565384154
56_isomero_42_53.xyz,-8.9019,-8.8023,0.099687775299
56_isomero_1_2.xyz,-8.8566,-8.743,0.113580400209
56_isomero_42_31.xyz,-8.9088,-8.7978,0.110985342278
56_isomero_28_19.xyz,-8.8204,-8.7681,0.052324712561
56_isomero_13_22.xyz,-8.7788,-8.7348,0.043950981302
56_isomero_27_38.xyz,-8.8456,-8.7443,0.101265078401
56_isomero_38_27.xyz,-8.8677,-8.7728,0.094911436649
56_isomero_36_47.xyz,-8.8684,-8.7559,0.112500077334
56_isomero_4_1.xyz,-8.7633,-8.6565,0.106817511124
56_isomero_2_1.xyz,-8.858,-8.7444,0.113524217564
56_isomero_29_40.xyz,-8.8082,-8.7175,0.090678226487
56_isomero_17_10.xyz,-8.815,-8.7387,0.076295151812
56_isomero_11_18.xyz,-8.8626,-8.7822,0.080347288785
56_isomero_28_27.xyz,-8.8134,-8.6886,0.124794469734
56_isomero_9_4.xyz,-8.7953,-8.7045,0.090813426213
56_isomero_29_20.xyz,-8.8417,-8.7763,0.065401758871
56_isomero_15_8.xyz,-8.8097,-8.7413,0.068394022784
56_isomero_2_5.xyz,-8.9359,-8.8324,0.103402289643
56_isomero_39_50.xyz,-8.8617,-8.7465,0.115243083649
56_isomero_18_17.xyz,-8.8339,-8.6972,0.136772258084
56_isomero_39_28.xyz,-8.8431,-8.7409,0.10225591111
56_isomero_16_9.xyz,-8.8204,-8.7435,0.076862024792
56_isomero_39_40.xyz,-8.8776,-8.7706,0.107059221025
56_isomero_23_34.xyz,-8.8361,-8.7484,0.087669412526
56_isomero_17_18.xyz,-8.897,-8.7553,0.141738750168
56_isomero_17_26.xyz,-8.851,-8.7657,0.085277938572
56_isomero_6_5.xyz,-8.8514,-8.7358,0.115684455709
56_isomero_23_14.xyz,-8.8216,-8.7709,0.050673627482
56_isomero_8_7.xyz,-8.8745,-8.7538,0.120708913947
56_isomero_24_23.xyz,-8.9117,-8.7729,0.138846025315
56_isomero_10_17.xyz,-8.8649,-8.7862,0.078694344048
56_isomero_25_26.xyz,-8.8769,-8.7447,0.132153019597
56_isomero_40_39.xyz,-8.8459,-8.738,0.107948983021
56_isomero_14_23.xyz,-8.8276,-8.7579,0.069615364488
56_isomero_26_25.xyz,-8.8689,-8.7371,0.131849274182
56_isomero_33_34.xyz,-8.8192,-8.7113,0.107864012004
56_isomero_29_30.xyz,-8.9187,-8.7903,0.128412270472
56_isomero_16_15.xyz,-8.8893,-8.7467,0.142550528277
57_isomero_43_55.xyz,-8.7837,-8.7065,0.077137585706
57_pristina.xyz,-8.877,-8.8078,0.069219810328
57_isomero_25_36.xyz,-8.8529,-8.7943,0.058645291857
57_isomero_14_7.xyz,-8.7994,-8.7511,0.048256803735
57_isomero_18_11.xyz,-8.802,-8.7588,0.043212239657
57_isomero_3_4.xyz,-8.8397,-8.7686,0.071064518801
57_isomero_20_29.xyz,-8.7613,-8.7284,0.032832898644
57_isomero_22_33.xyz,-8.804,-8.7631,0.040892296267
57_isomero_28_39.xyz,-8.8522,-8.7961,0.056081334581
57_isomero_40_29.xyz,-8.8309,-8.7952,0.035693982968
57_isomero_30_29.xyz,-8.7166,-8.6539,0.0626852695
57_isomero_10_9.xyz,-8.8463,-8.7696,0.076769508154
57_isomero_6_11.xyz,-8.8858,-8.8277,0.058173758066
57_isomero_37_26.xyz,-8.827,-8.7692,0.057883223902
57_isomero_30_41.xyz,-8.7085,-8.6494,0.059110869794
57_isomero_7_14.xyz,-8.8418,-8.7926,0.049261212768
57_isomero_31_32.xyz,-8.7016,-8.6446,0.057069803451
57_isomero_45_44.xyz,-8.8839,-8.817,0.066899678201
57_isomero_26_37.xyz,-8.8674,-8.8085,0.058874392622
57_isomero_36_48.xyz,-8.8649,-8.7969,0.068046318835
57_isomero_26_17.xyz,-8.8311,-8.7843,0.046840068253
57_isomero_11_12.xyz,-8.8568,-8.7849,0.071966147949
57_isomero_10_5.xyz,-8.7956,-8.7364,0.059170519676
57_isomero_24_15.xyz,-8.8267,-8.7788,0.047878520386
57_isomero_23_24.xyz,-8.8213,-8.7383,0.08303606662
57_isomero_16_25.xyz,-8.8543,-8.8008,0.053482814067
57_isomero_8_15.xyz,-8.8604,-8.806,0.054339756226
57_isomero_37_38.xyz,-8.8737,-8.8014,0.072280368488
57_isomero_9_16.xyz,-8.8572,-8.8026,0.054626124582
57_isomero_46_47.xyz,-8.8396,-8.7726,0.067066131118
57_isomero_9_10.xyz,-8.8457,-8.7687,0.077030662787
57_isomero_47_35.xyz,-8.8513,-8.7826,0.06868329411
57_isomero_3_8.xyz,-8.8775,-8.8157,0.061761724265
57_isomero_15_24.xyz,-8.847,-8.7962,0.05082513658
57_isomero_19_20.xyz,-8.8916,-8.8176,0.07401034389
57_isomero_33_22.xyz,-8.8301,-8.8051,0.024988246289
57_isomero_22_13.xyz,-8.8078,-8.7685,0.039257498665
57_isomero_34_33.xyz,-8.8935,-8.8138,0.079694505653
57_isomero_21_22.xyz,-8.723,-8.6638,0.059194684887
57_isomero_24_35.xyz,-8.8442,-8.787,0.057132962207
57_isomero_36_35.xyz,-8.8631,-8.7882,0.07489749638
57_isomero_44_56.xyz,-8.8482,-8.7764,0.07183322013
57_isomero_25_16.xyz,-8.828,-8.7809,0.047012061664
57_isomero_35_47.xyz,-8.8558,-8.7885,0.067284627412
57_isomero_31_43.xyz,-8.7022,-8.668,0.034167634425
57_isomero_38_37.xyz,-8.8356,-8.7643,0.071270514951
57_isomero_13_14.xyz,-8.7655,-8.7002,0.065299948649
57_isomero_14_13.xyz,-8.8808,-8.8065,0.074350930557
57_isomero_46_34.xyz,-8.8682,-8.8074,0.060728054041
57_isomero_32_31.xyz,-8.926,-8.8436,0.082405791586
57_isomero_38_50.xyz,-8.8933,-8.8226,0.070724963388
57_isomero_32_21.xyz,-8.8336,-8.7971,0.036588963683
57_isomero_34_23.xyz,-8.8355,-8.7823,0.053128780455
57_isomero_15_16.xyz,-8.8375,-8.7537,0.083729481396
57_isomero_4_3.xyz,-8.8467,-8.7758,0.070867024846
57_isomero_44_32.xyz,-8.847,-8.8226,0.024446621211
57_isomero_20_19.xyz,-8.7342,-8.6682,0.065980054649
57_isomero_36_25.xyz,-8.8412,-8.7838,0.057439619765
57_isomero_22_21.xyz,-8.9108,-8.8315,0.07935856123
57_isomero_5_6.xyz,-8.8419,-8.7708,0.071093275466
57_isomero_45_33.xyz,-8.8551,-8.7907,0.064433306557
57_isomero_47_46.xyz,-8.8648,-8.7972,0.067629378718
57_isomero_42_54.xyz,-8.7027,-8.6306,0.072150638432
57_isomero_39_51.xyz,-8.8541,-8.7821,0.071997951983
57_isomero_1_4.xyz,-8.9131,-8.8463,0.066769531497
57_isomero_34_46.xyz,-8.8291,-8.7653,0.063803284701
57_isomero_27_28.xyz,-8.897,-8.8113,0.085711418271
57_isomero_18_27.xyz,-8.8518,-8.8018,0.05002889403
57_isomero_4_9.xyz,-8.8876,-8.8267,0.06091323054
57_isomero_35_36.xyz,-8.8492,-8.7756,0.07359503164
57_isomero_8_3.xyz,-8.7879,-8.7277,0.060165961834
57_isomero_35_24.xyz,-8.8432,-8.7923,0.050860791488
57_isomero_21_32.xyz,-8.761,-8.7354,0.025581637572
57_isomero_19_12.xyz,-8.7835,-8.7385,0.045059132957
57_isomero_27_18.xyz,-8.8137,-8.7657,0.04800949121
57_isomero_12_19.xyz,-8.8358,-8.7942,0.041616651752
57_isomero_11_6.xyz,-8.7707,-8.7127,0.058026113861
57_isomero_5_10.xyz,-8.8839,-8.8228,0.061083237594
57_isomero_47_59.xyz,-8.8452,-8.7781,0.067135970072
57_isomero_40_52.xyz,-8.8744,-8.8262,0.048144408076
57_isomero_5_2.xyz,-8.7579,-8.6908,0.067106865986
57_isomero_43_42.xyz,-8.8535,-8.7982,0.055333162417
57_isomero_46_58.xyz,-8.8547,-8.7842,0.070479177797
57_isomero_7_8.xyz,-8.8107,-8.74,0.070731578499
57_isomero_54_42.xyz,-8.8956,-8.8241,0.071473136548
57_isomero_12_11.xyz,-8.8014,-8.7318,0.069686245047
57_isomero_37_49.xyz,-8.8559,-8.7855,0.070327570108
57_isomero_19_28.xyz,-8.8351,-8.7855,0.049694906493
57_isomero_44_45.xyz,-8.8113,-8.7463,0.064986841529
57_isomero_1_2.xyz,-8.8452,-8.7754,0.069724909482
57_isomero_28_19.xyz,-8.8106,-8.779,0.031544197274
57_isomero_13_22.xyz,-8.8058,-8.7712,0.034619151844
57_isomero_27_38.xyz,-8.8411,-8.78,0.06106294806
57_isomero_38_27.xyz,-8.8492,-8.7935,0.055648575461
57_isomero_4_1.xyz,-8.764,-8.6967,0.067329805036
57_isomero_2_1.xyz,-8.8478,-8.7781,0.069691639117
57_isomero_29_40.xyz,-8.8172,-8.7613,0.055955703427
57_isomero_17_10.xyz,-8.8109,-8.7617,0.04916407779
57_isomero_11_18.xyz,-8.8611,-8.8072,0.05389250797
57_isomero_28_27.xyz,-8.8008,-8.7217,0.079028063795
57_isomero_9_4.xyz,-8.7932,-8.7334,0.059773711265
57_isomero_29_20.xyz,-8.8267,-8.7862,0.04052067867
57_isomero_32_44.xyz,-8.7811,-8.7389,0.042198243609
57_isomero_15_8.xyz,-8.8126,-8.7668,0.045845391132
57_isomero_2_5.xyz,-8.916,-8.8502,0.065799949232
57_isomero_33_45.xyz,-8.8293,-8.7713,0.057999842057
57_isomero_42_43.xyz,-8.7412,-8.6937,0.047506838833
57_isomero_18_17.xyz,-8.822,-8.7394,0.082613723564
57_isomero_39_28.xyz,-8.8235,-8.7637,0.059803257342
57_isomero_16_9.xyz,-8.8204,-8.7704,0.050011813022
57_isomero_39_40.xyz,-8.8729,-8.8048,0.068153254668
57_isomero_45_57.xyz,-8.8165,-8.7475,0.068977636651
57_isomero_23_34.xyz,-8.8374,-8.7869,0.050530713514
57_isomero_17_18.xyz,-8.8752,-8.7907,0.084549194345
57_isomero_54_65.xyz,-8.8881,-8.8292,0.058864025131
57_isomero_17_26.xyz,-8.8485,-8.7943,0.054187227868
57_isomero_6_5.xyz,-8.8435,-8.7725,0.071038121578
57_isomero_23_14.xyz,-8.8236,-8.7919,0.031623090899
57_isomero_8_7.xyz,-8.8592,-8.7869,0.072279880107
57_isomero_24_23.xyz,-8.8869,-8.7974,0.089522116985
57_isomero_10_17.xyz,-8.8647,-8.8115,0.053179837076
57_isomero_25_26.xyz,-8.8665,-8.7811,0.085377523009
57_isomero_40_39.xyz,-8.8267,-8.7588,0.067923215038
57_isomero_14_23.xyz,-8.8326,-8.785,0.047593277325
57_isomero_26_25.xyz,-8.8532,-8.7686,0.084556224347
57_isomero_43_31.xyz,-8.8881,-8.8381,0.049939133267
57_isomero_33_34.xyz,-8.8046,-8.7324,0.072222093199
57_isomero_29_30.xyz,-8.8973,-8.8143,0.082966676371
57_isomero_16_15.xyz,-8.8662,-8.7813,0.084892637157
66_isomero_18_11.xyz,-8.8097,-8.7676,0.042098356005
66_pristina.xyz,-8.8748,-8.8094,0.065447014571
66_isomero_49_48.xyz,-8.8509,-8.7866,0.06429887355
66_isomero_20_29.xyz,-8.7919,-8.7614,0.030524553813
66_isomero_28_39.xyz,-8.8375,-8.7893,0.048160331705
66_isomero_40_29.xyz,-8.83,-8.8056,0.02440625801
66_isomero_30_29.xyz,-8.7099,-8.6556,0.054319408396
66_isomero_10_9.xyz,-8.8438,-8.7714,0.072483091277
66_isomero_6_11.xyz,-8.8805,-8.8227,0.0578060718
66_isomero_37_26.xyz,-8.8352,-8.7817,0.053482006048
66_isomero_50_38.xyz,-8.8409,-8.7764,0.064525578836
66_isomero_30_41.xyz,-8.7295,-8.7,0.029500759181
66_isomero_52_53.xyz,-8.8703,-8.8094,0.06091073709
66_isomero_26_37.xyz,-8.8543,-8.7996,0.054647065645
66_isomero_51_50.xyz,-8.8264,-8.7625,0.063910748889
66_isomero_26_17.xyz,-8.8311,-8.7873,0.043767614721
66_isomero_11_12.xyz,-8.8564,-8.7886,0.067823143609
66_isomero_10_5.xyz,-8.7953,-8.7387,0.056632914325
66_isomero_52_40.xyz,-8.8385,-8.7739,0.064662847443
66_isomero_37_38.xyz,-8.8683,-8.797,0.071312543968
66_isomero_41_53.xyz,-8.7987,-8.7424,0.056278894494
66_isomero_49_37.xyz,-8.8535,-8.7893,0.064225166894
66_isomero_19_20.xyz,-8.8845,-8.8155,0.068990881629
66_isomero_51_39.xyz,-8.8701,-8.8079,0.062154381979
66_isomero_38_37.xyz,-8.8397,-8.7702,0.069506356478
66_isomero_38_50.xyz,-8.8636,-8.8002,0.063413331099
66_isomero_20_19.xyz,-8.7493,-8.688,0.06125152411
66_isomero_5_6.xyz,-8.8428,-8.7758,0.067004266094
66_isomero_42_54.xyz,-8.7001,-8.6384,0.061753368886
66_isomero_39_51.xyz,-8.828,-8.7649,0.063122900843
66_isomero_27_28.xyz,-8.8919,-8.8082,0.083702969132
66_isomero_18_27.xyz,-8.8475,-8.7995,0.047981060074
66_isomero_42_41.xyz,-8.7263,-8.6813,0.044922375667
66_isomero_19_12.xyz,-8.7903,-8.7464,0.043824703592
66_isomero_27_18.xyz,-8.8201,-8.7754,0.044714627865
66_isomero_12_19.xyz,-8.8428,-8.7982,0.044618254707
66_isomero_11_6.xyz,-8.7804,-8.7241,0.056264468216
66_isomero_5_10.xyz,-8.8837,-8.8253,0.058437935937
66_isomero_41_30.xyz,-8.8556,-8.8157,0.03995449616
66_isomero_40_52.xyz,-8.8501,-8.79,0.060137353311
66_isomero_5_2.xyz,-8.7616,-8.6978,0.063747516446
66_isomero_54_42.xyz,-8.8911,-8.8298,0.061311211253
66_isomero_12_11.xyz,-8.8056,-8.7389,0.066658038793
66_isomero_37_49.xyz,-8.8525,-8.7882,0.064292450705
66_isomero_19_28.xyz,-8.8307,-8.7845,0.046201176685
66_isomero_41_42.xyz,-8.8729,-8.811,0.061852091121
66_isomero_28_19.xyz,-8.8181,-8.7898,0.02824747546
66_isomero_53_41.xyz,-8.8484,-8.8125,0.03587579158
66_isomero_27_38.xyz,-8.8368,-8.7818,0.05502685708
66_isomero_38_27.xyz,-8.8466,-8.7981,0.048519624484
66_isomero_2_1.xyz,-8.845,-8.7791,0.065915807961
66_isomero_29_40.xyz,-8.8032,-8.7607,0.04245720356
66_isomero_17_10.xyz,-8.8169,-8.7698,0.047083422254
66_isomero_11_18.xyz,-8.8582,-8.8061,0.052073446675
66_isomero_28_27.xyz,-8.8079,-8.7314,0.076458458049
66_isomero_29_20.xyz,-8.8081,-8.7728,0.035292566251
66_isomero_2_5.xyz,-8.9119,-8.849,0.062907481973
66_isomero_18_17.xyz,-8.8285,-8.7502,0.078258527671
66_isomero_39_28.xyz,-8.8292,-8.7779,0.051289224738
66_isomero_50_51.xyz,-8.8736,-8.8094,0.064184314468
66_isomero_39_40.xyz,-8.8931,-8.8207,0.072376837814
66_isomero_17_18.xyz,-8.868,-8.7884,0.079673857243
66_isomero_17_26.xyz,-8.8476,-8.7963,0.05123244148
66_isomero_6_5.xyz,-8.8401,-8.7729,0.06721651996
66_isomero_10_17.xyz,-8.8589,-8.807,0.051905565182
66_isomero_40_39.xyz,-8.7981,-8.7318,0.066306882435
66_isomero_53_52.xyz,-8.8254,-8.762,0.063368801511
66_isomero_26_25.xyz,-8.8584,-8.7774,0.080960058759
66_isomero_29_30.xyz,-8.913,-8.839,0.074050142697
67_isomero_52_65.xyz,-8.8654,-8.8251,0.040334117176
67_pristina.xyz,-8.867,-8.8283,0.03868959554
67_isomero_48_35.xyz,-8.8373,-8.8017,0.035574979971
67_isomero_25_36.xyz,-8.8492,-8.8174,0.031813822905
67_isomero_53_66.xyz,-8.8434,-8.8031,0.040286825398
67_isomero_14_7.xyz,-8.8039,-8.7753,0.02862940535
67_isomero_18_11.xyz,-8.8095,-8.7837,0.025766175797
67_isomero_51_52.xyz,-8.8711,-8.8322,0.038897006724
67_isomero_3_4.xyz,-8.8339,-8.7942,0.039725911807
67_isomero_20_29.xyz,-8.7946,-8.7723,0.022361273816
67_isomero_22_33.xyz,-8.8089,-8.7816,0.027341265528
67_isomero_47_48.xyz,-8.8273,-8.7887,0.038577129939
67_isomero_28_39.xyz,-8.8413,-8.8121,0.029132328041
67_isomero_40_29.xyz,-8.8255,-8.8133,0.012196006595
67_isomero_30_29.xyz,-8.7278,-8.6943,0.033449798536
67_isomero_10_9.xyz,-8.8389,-8.797,0.041892336073
67_isomero_6_11.xyz,-8.8743,-8.8385,0.035880643008
67_isomero_37_26.xyz,-8.829,-8.7995,0.029477917737
67_isomero_30_41.xyz,-8.7417,-8.723,0.018649707996
67_isomero_7_14.xyz,-8.84,-8.805,0.034948433119
67_isomero_31_32.xyz,-8.7308,-8.7028,0.027948504913
67_isomero_26_37.xyz,-8.8541,-8.8222,0.031934270191
67_isomero_31_44.xyz,-8.732,-8.7144,0.017564420883
67_isomero_43_44.xyz,-8.7534,-8.7277,0.025637537239
67_isomero_26_17.xyz,-8.8306,-8.8055,0.025096038543
67_isomero_11_12.xyz,-8.8493,-8.8102,0.03900706057
67_isomero_10_5.xyz,-8.7957,-8.7608,0.034875596614
67_isomero_46_45.xyz,-8.8821,-8.8419,0.040203691875
67_isomero_46_33.xyz,-8.8354,-8.8014,0.034056217625
67_isomero_24_15.xyz,-8.8253,-8.7991,0.02624734166
67_isomero_23_24.xyz,-8.8164,-8.77,0.046403514072
67_isomero_16_25.xyz,-8.8466,-8.8148,0.031881892382
67_isomero_45_46.xyz,-8.7949,-8.7572,0.037656175831
67_isomero_41_54.xyz,-8.8203,-8.7862,0.034080689396
67_isomero_8_15.xyz,-8.8546,-8.8208,0.033743052165
67_isomero_48_61.xyz,-8.8403,-8.8014,0.038908094654
67_isomero_37_38.xyz,-8.8635,-8.8181,0.045391122423
67_isomero_9_16.xyz,-8.8532,-8.8194,0.03371775348
67_isomero_35_48.xyz,-8.8523,-8.8181,0.0341928274
67_isomero_37_50.xyz,-8.8472,-8.8109,0.0362669614
67_isomero_9_10.xyz,-8.8371,-8.7951,0.041917658554
67_isomero_56_69.xyz,-8.8794,-8.8448,0.034594145534
67_isomero_3_8.xyz,-8.871,-8.8343,0.036707209236
67_isomero_15_24.xyz,-8.8432,-8.8118,0.031330569574
67_isomero_19_20.xyz,-8.8739,-8.8354,0.038530730379
67_isomero_33_46.xyz,-8.8362,-8.808,0.028258571622
67_isomero_33_22.xyz,-8.8314,-8.8201,0.011264216907
67_isomero_22_13.xyz,-8.8172,-8.7946,0.022561443114
67_isomero_34_33.xyz,-8.8806,-8.8319,0.048689483127
67_isomero_21_22.xyz,-8.7376,-8.7041,0.033520518181
67_isomero_24_35.xyz,-8.8376,-8.8051,0.032513813615
67_isomero_36_35.xyz,-8.8593,-8.8135,0.045823256539
67_isomero_56_43.xyz,-8.8819,-8.8439,0.038022885026
67_isomero_25_16.xyz,-8.8298,-8.8044,0.025425369207
67_isomero_38_37.xyz,-8.8358,-8.7928,0.043088309008
67_isomero_13_14.xyz,-8.7633,-8.7242,0.039131476324
67_isomero_14_13.xyz,-8.8717,-8.8327,0.039016549559
67_isomero_32_31.xyz,-8.8893,-8.8442,0.045075332091
67_isomero_39_52.xyz,-8.8328,-8.7961,0.036741560513
67_isomero_34_47.xyz,-8.8285,-8.7938,0.034763352438
67_isomero_32_21.xyz,-8.8302,-8.81,0.020206003689
67_isomero_34_23.xyz,-8.8279,-8.8001,0.027795903544
67_isomero_49_36.xyz,-8.8408,-8.8055,0.035302837934
67_isomero_50_37.xyz,-8.8439,-8.808,0.035936094317
67_isomero_15_16.xyz,-8.8262,-8.7807,0.045523607732
67_isomero_46_59.xyz,-8.8226,-8.7841,0.038491622273
67_isomero_4_3.xyz,-8.8391,-8.7998,0.039253460356
67_isomero_20_19.xyz,-8.7533,-8.7143,0.038942939333
67_isomero_36_25.xyz,-8.8342,-8.805,0.029253813601
67_isomero_22_21.xyz,-8.8877,-8.8466,0.041033863538
67_isomero_45_32.xyz,-8.8287,-8.8169,0.011761121353
67_isomero_47_60.xyz,-8.8495,-8.8106,0.038869807931
67_isomero_40_53.xyz,-8.8499,-8.8188,0.031097101642
67_isomero_5_6.xyz,-8.8369,-8.7976,0.039286553434
67_isomero_44_31.xyz,-8.8619,-8.8356,0.026311485475
67_isomero_1_4.xyz,-8.901,-8.8635,0.03748574066
67_isomero_27_28.xyz,-8.8783,-8.829,0.049327587691
67_isomero_18_27.xyz,-8.8457,-8.8147,0.031040106915
67_isomero_4_9.xyz,-8.8772,-8.8408,0.036387136205
67_isomero_35_36.xyz,-8.8418,-8.7977,0.04410215263
67_isomero_42_41.xyz,-8.7467,-8.7194,0.027345400791
67_isomero_8_3.xyz,-8.7867,-8.7514,0.035292719637
67_isomero_35_24.xyz,-8.8422,-8.8164,0.025782255507
67_isomero_21_32.xyz,-8.7728,-8.7554,0.017304238961
67_isomero_44_43.xyz,-8.8421,-8.8111,0.031040444252
67_isomero_19_12.xyz,-8.7962,-8.7688,0.027454869395
67_isomero_27_18.xyz,-8.8199,-8.794,0.025865788918
67_isomero_54_53.xyz,-8.8085,-8.7702,0.038334773416
67_isomero_48_47.xyz,-8.8648,-8.8248,0.039965235872
67_isomero_12_19.xyz,-8.8423,-8.8096,0.032709209367
67_isomero_11_6.xyz,-8.7811,-8.7463,0.034748224191
67_isomero_5_10.xyz,-8.876,-8.8397,0.03638389904
67_isomero_51_38.xyz,-8.8279,-8.7917,0.036178197989
67_isomero_41_30.xyz,-8.8491,-8.826,0.023152709192
67_isomero_5_2.xyz,-8.7622,-8.724,0.038163107743
67_isomero_53_54.xyz,-8.8674,-8.8315,0.035849391236
67_isomero_49_62.xyz,-8.8473,-8.8078,0.039491622505
67_isomero_7_8.xyz,-8.805,-8.7642,0.040751346713
67_isomero_50_49.xyz,-8.8428,-8.8039,0.03891265132
67_isomero_12_11.xyz,-8.8035,-8.763,0.040530423601
67_isomero_54_41.xyz,-8.8217,-8.8045,0.017169686013
67_isomero_51_64.xyz,-8.8422,-8.8026,0.039591820886
67_isomero_19_28.xyz,-8.8314,-8.8009,0.030544461804
67_isomero_44_57.xyz,-8.8138,-8.7745,0.039312333313
67_isomero_1_2.xyz,-8.8392,-8.8003,0.038943589828
67_isomero_41_42.xyz,-8.8555,-8.8156,0.039898991082
67_isomero_43_56.xyz,-8.7149,-8.6747,0.040251048916
67_isomero_28_19.xyz,-8.8211,-8.8065,0.014597964056
67_isomero_13_22.xyz,-8.8045,-8.7789,0.025655543253
67_isomero_52_39.xyz,-8.8491,-8.8142,0.034914600967
67_isomero_27_38.xyz,-8.8361,-8.803,0.033072357203
67_isomero_38_27.xyz,-8.8422,-8.8162,0.026014150873
67_isomero_4_1.xyz,-8.7638,-8.7257,0.038172369973
67_isomero_2_1.xyz,-8.8403,-8.8013,0.038932582331
67_isomero_38_51.xyz,-8.8627,-8.8279,0.03480953347
67_isomero_29_40.xyz,-8.8126,-8.7832,0.029423346851
67_isomero_17_10.xyz,-8.8156,-8.7865,0.029031477493
67_isomero_11_18.xyz,-8.8551,-8.8217,0.033410062859
67_isomero_28_27.xyz,-8.8071,-8.7617,0.045355192388
67_isomero_9_4.xyz,-8.7948,-8.7598,0.034978277724
67_isomero_29_20.xyz,-8.8163,-8.7936,0.022702716661
67_isomero_15_8.xyz,-8.8132,-8.7864,0.026836530264
67_isomero_2_5.xyz,-8.9016,-8.8643,0.037277481462
67_isomero_50_63.xyz,-8.8541,-8.8149,0.039212664003
67_isomero_18_17.xyz,-8.8221,-8.7766,0.045484696438
67_isomero_39_28.xyz,-8.822,-8.7933,0.028728785222
67_isomero_32_45.xyz,-8.8039,-8.7791,0.024823609178
67_isomero_16_9.xyz,-8.8191,-8.7898,0.029356557306
67_isomero_39_40.xyz,-8.8813,-8.835,0.046293106317
67_isomero_45_58.xyz,-8.8349,-8.7979,0.036993799058
67_isomero_54_67.xyz,-8.8339,-8.8136,0.020376158535
67_isomero_36_49.xyz,-8.8508,-8.815,0.035825127256
67_isomero_23_34.xyz,-8.8394,-8.8103,0.029049598676
67_isomero_17_18.xyz,-8.8586,-8.8135,0.045121453476
67_isomero_17_26.xyz,-8.8447,-8.8128,0.031871917185
67_isomero_6_5.xyz,-8.8359,-8.7962,0.039733391686
67_isomero_23_14.xyz,-8.8278,-8.8123,0.015578125788
67_isomero_52_51.xyz,-8.8178,-8.7797,0.03812195714
67_isomero_8_7.xyz,-8.8516,-8.8124,0.039157188063
67_isomero_24_23.xyz,-8.8732,-8.8235,0.04964153549
67_isomero_10_17.xyz,-8.8562,-8.8228,0.033388284625
67_isomero_47_34.xyz,-8.8526,-8.8208,0.031727630141
67_isomero_25_26.xyz,-8.8533,-8.8048,0.048512725967
67_isomero_40_39.xyz,-8.8009,-8.7607,0.040232395775
67_isomero_49_50.xyz,-8.8512,-8.8121,0.039119966418
67_isomero_14_23.xyz,-8.8299,-8.7992,0.030758920334
67_isomero_26_25.xyz,-8.8484,-8.8002,0.048201336166
67_isomero_33_34.xyz,-8.8059,-8.7647,0.041228020393
67_isomero_53_40.xyz,-8.8253,-8.7883,0.03699380102
67_isomero_29_30.xyz,-8.8889,-8.8483,0.040579354512
67_isomero_16_15.xyz,-8.8567,-8.8115,0.045181954042
67_isomero_42_55.xyz,-8.7163,-8.6798,0.036535225112
77_isomero_55_69.xyz,-8.8389,-8.8146,0.024232144406
77_pristina.xyz,-8.863,-8.8413,0.021726985887
77_isomero_18_11.xyz,-8.8152,-8.7995,0.015795468973
77_isomero_51_52.xyz,-8.8633,-8.8388,0.024474659504
77_isomero_70_56.xyz,-8.8728,-8.8524,0.020374014234
77_isomero_20_29.xyz,-8.8135,-8.7932,0.020278975731
77_isomero_28_39.xyz,-8.8391,-8.8209,0.0181730677
77_isomero_66_67.xyz,-8.8723,-8.8505,0.021846584365
77_isomero_40_29.xyz,-8.8391,-8.8295,0.009561745195
77_isomero_68_54.xyz,-8.8339,-8.811,0.022903901986
77_isomero_30_29.xyz,-8.7419,-8.7211,0.020834677128
77_isomero_10_9.xyz,-8.8353,-8.8121,0.023217512828
77_isomero_6_11.xyz,-8.871,-8.8506,0.020355748458
77_isomero_37_26.xyz,-8.832,-8.817,0.014981613715
77_isomero_30_41.xyz,-8.7751,-8.7619,0.013202088666
77_isomero_56_70.xyz,-8.7353,-8.7101,0.025121997033
77_isomero_26_37.xyz,-8.8498,-8.8315,0.018273398802
77_isomero_26_17.xyz,-8.831,-8.8172,0.013839769279
77_isomero_11_12.xyz,-8.848,-8.8265,0.021480289374
77_isomero_10_5.xyz,-8.7989,-8.7788,0.020120699972
77_isomero_55_56.xyz,-8.8297,-8.8101,0.019658732833
77_isomero_41_54.xyz,-8.814,-8.7968,0.017218870689
77_isomero_53_67.xyz,-8.8322,-8.8104,0.021809390337
77_isomero_37_38.xyz,-8.8573,-8.8299,0.027387835093
77_isomero_37_50.xyz,-8.8464,-8.8272,0.019194544203
77_isomero_66_52.xyz,-8.8333,-8.8116,0.021699420828
77_isomero_19_20.xyz,-8.8697,-8.8494,0.020316099122
77_isomero_69_55.xyz,-8.8151,-8.8054,0.009718401818
77_isomero_38_37.xyz,-8.8391,-8.8135,0.025569072377
77_isomero_39_52.xyz,-8.8303,-8.8105,0.019792620883
77_isomero_64_50.xyz,-8.8418,-8.8202,0.021635063042
77_isomero_69_68.xyz,-8.7908,-8.768,0.022755359148
77_isomero_50_37.xyz,-8.8414,-8.8235,0.017895763278
77_isomero_20_19.xyz,-8.7635,-8.7393,0.024229050393
77_isomero_40_53.xyz,-8.8427,-8.828,0.014703807676
77_isomero_5_6.xyz,-8.8362,-8.8143,0.021928072162
77_isomero_55_42.xyz,-8.8579,-8.8439,0.014069760414
77_isomero_27_28.xyz,-8.8688,-8.8418,0.026951746061
77_isomero_18_27.xyz,-8.8462,-8.8264,0.01978043589
77_isomero_42_41.xyz,-8.752,-8.735,0.016921007918
77_isomero_19_12.xyz,-8.8038,-8.7874,0.016378778784
77_isomero_27_18.xyz,-8.8249,-8.8106,0.014271513295
77_isomero_56_55.xyz,-8.7749,-8.7595,0.015434151029
77_isomero_54_53.xyz,-8.8023,-8.7809,0.02132531601
77_isomero_12_19.xyz,-8.8459,-8.824,0.021898084601
77_isomero_11_6.xyz,-8.7881,-8.7674,0.020615241931
77_isomero_64_65.xyz,-8.8548,-8.8328,0.021934607052
77_isomero_5_10.xyz,-8.8742,-8.8532,0.021081975576
77_isomero_51_38.xyz,-8.8322,-8.8139,0.018270247292
77_isomero_41_30.xyz,-8.841,-8.8269,0.0140409617
77_isomero_51_65.xyz,-8.8405,-8.8192,0.021285587274
77_isomero_5_2.xyz,-8.768,-8.7464,0.021583837579
77_isomero_53_54.xyz,-8.8737,-8.8484,0.025312560464
77_isomero_65_51.xyz,-8.8486,-8.8268,0.021787663262
77_isomero_50_49.xyz,-8.8465,-8.8231,0.023373261529
77_isomero_12_11.xyz,-8.8054,-8.7818,0.023599716123
77_isomero_54_41.xyz,-8.8287,-8.8233,0.005448255514
77_isomero_19_28.xyz,-8.8344,-8.8145,0.019862321922
77_isomero_41_42.xyz,-8.8694,-8.8465,0.022929135591
77_isomero_28_19.xyz,-8.8275,-8.8202,0.007356801375
77_isomero_52_39.xyz,-8.8494,-8.8345,0.014885181882
77_isomero_67_66.xyz,-8.8077,-8.7868,0.020899281568
77_isomero_27_38.xyz,-8.8368,-8.8176,0.019184004113
77_isomero_38_27.xyz,-8.8423,-8.8301,0.012129882659
77_isomero_2_1.xyz,-8.8379,-8.816,0.021869198773
77_isomero_38_51.xyz,-8.8545,-8.8365,0.017991983485
77_isomero_29_40.xyz,-8.8126,-8.7935,0.019087372595
77_isomero_17_10.xyz,-8.82,-8.8028,0.017198764563
77_isomero_11_18.xyz,-8.8557,-8.8353,0.020454319469
77_isomero_28_27.xyz,-8.8125,-8.7866,0.025918488145
77_isomero_29_20.xyz,-8.8211,-8.8071,0.014085065977
77_isomero_2_5.xyz,-8.8959,-8.8749,0.020982672459
77_isomero_68_69.xyz,-8.8669,-8.8484,0.018481329301
77_isomero_18_17.xyz,-8.8216,-8.7962,0.025312371857
77_isomero_39_28.xyz,-8.8287,-8.8146,0.014124913774
77_isomero_67_53.xyz,-8.8491,-8.8257,0.023418259602
77_isomero_39_40.xyz,-8.8726,-8.8434,0.029145529789
77_isomero_65_64.xyz,-8.8344,-8.8131,0.02126455871
77_isomero_50_64.xyz,-8.8491,-8.8278,0.021258303955
77_isomero_17_18.xyz,-8.8535,-8.8291,0.024405762355
77_isomero_17_26.xyz,-8.8469,-8.8276,0.019224118501
77_isomero_6_5.xyz,-8.8332,-8.8109,0.022376821918
77_isomero_52_51.xyz,-8.8264,-8.8044,0.021973200239
77_isomero_10_17.xyz,-8.8558,-8.8355,0.020280098908
77_isomero_40_39.xyz,-8.8114,-8.7879,0.023463618416
77_isomero_52_66.xyz,-8.8539,-8.8339,0.020037220125
77_isomero_54_68.xyz,-8.8385,-8.8223,0.01615944821
77_isomero_26_25.xyz,-8.8467,-8.8199,0.026834863214
77_isomero_53_40.xyz,-8.8288,-8.8109,0.017865452553
77_isomero_29_30.xyz,-8.882,-8.8625,0.01948693201
77_isomero_42_55.xyz,-8.7443,-8.7339,0.010339876653
